4.468000030517578125e+01
7.708999633789062500e+01
8.693000030517578125e+01
9.000000000000000000e+01
9.004000091552734375e+01
9.245999908447265625e+01
9.269000244140625000e+01
9.343000030517578125e+01
9.358000183105468750e+01
9.455999755859375000e+01
9.445999908447265625e+01
9.463999938964843750e+01
9.476999664306640625e+01
9.552999877929687500e+01
9.537999725341796875e+01
9.558999633789062500e+01
9.583999633789062500e+01
9.598999786376953125e+01
9.626999664306640625e+01
9.623999786376953125e+01
9.640000152587890625e+01
9.627999877929687500e+01
9.634999847412109375e+01
9.647000122070312500e+01
9.669999694824218750e+01
9.666000366210937500e+01
9.686000061035156250e+01
9.700000000000000000e+01
9.690000152587890625e+01
9.701999664306640625e+01
9.712000274658203125e+01
9.641000366210937500e+01
9.698999786376953125e+01
9.711000061035156250e+01
9.723999786376953125e+01
9.723000335693359375e+01
9.727999877929687500e+01
9.755000305175781250e+01
9.736000061035156250e+01
9.730999755859375000e+01
9.756999969482421875e+01
9.745999908447265625e+01
9.734999847412109375e+01
9.754000091552734375e+01
9.723999786376953125e+01
9.741000366210937500e+01
9.772000122070312500e+01
9.765000152587890625e+01
9.758000183105468750e+01
9.758999633789062500e+01
9.763999938964843750e+01
9.773999786376953125e+01
9.772000122070312500e+01
9.780999755859375000e+01
9.766000366210937500e+01
9.777999877929687500e+01
9.780999755859375000e+01
9.780000305175781250e+01
9.776000213623046875e+01
9.793000030517578125e+01
9.802999877929687500e+01
9.766000366210937500e+01
9.793000030517578125e+01
9.787999725341796875e+01
9.783999633789062500e+01
9.788999938964843750e+01
9.784999847412109375e+01
9.801999664306640625e+01
9.801000213623046875e+01
9.777999877929687500e+01
9.783000183105468750e+01
9.783000183105468750e+01
9.773000335693359375e+01
9.766000366210937500e+01
9.791000366210937500e+01
9.788999938964843750e+01
9.794999694824218750e+01
9.787000274658203125e+01
9.791000366210937500e+01
9.801999664306640625e+01
9.805000305175781250e+01
9.811000061035156250e+01
9.805000305175781250e+01
9.813999938964843750e+01
9.805000305175781250e+01
9.795999908447265625e+01
9.804000091552734375e+01
9.822000122070312500e+01
9.808000183105468750e+01
9.822000122070312500e+01
9.818000030517578125e+01
9.808999633789062500e+01
9.819999694824218750e+01
9.819999694824218750e+01
9.812000274658203125e+01
9.819999694824218750e+01
9.823000335693359375e+01
9.825000000000000000e+01
9.815000152587890625e+01
9.819000244140625000e+01
