4.288000106811523438e+01
7.980999755859375000e+01
8.504000091552734375e+01
8.783999633789062500e+01
9.066000366210937500e+01
9.165000152587890625e+01
9.208000183105468750e+01
9.273999786376953125e+01
9.380000305175781250e+01
9.340000152587890625e+01
9.319000244140625000e+01
9.395999908447265625e+01
9.441999816894531250e+01
9.475000000000000000e+01
9.527999877929687500e+01
9.523000335693359375e+01
9.490000152587890625e+01
9.573999786376953125e+01
9.572000122070312500e+01
9.556999969482421875e+01
9.616999816894531250e+01
9.576999664306640625e+01
9.605000305175781250e+01
9.565000152587890625e+01
9.538999938964843750e+01
9.598999786376953125e+01
9.637000274658203125e+01
9.641000366210937500e+01
9.669000244140625000e+01
9.594999694824218750e+01
9.651999664306640625e+01
9.650000000000000000e+01
9.658000183105468750e+01
9.634999847412109375e+01
9.391000366210937500e+01
9.559999847412109375e+01
9.663999938964843750e+01
9.587000274658203125e+01
9.636000061035156250e+01
9.663999938964843750e+01
9.648999786376953125e+01
9.662999725341796875e+01
9.706999969482421875e+01
9.681999969482421875e+01
9.655999755859375000e+01
9.656999969482421875e+01
9.654000091552734375e+01
9.719000244140625000e+01
9.726000213623046875e+01
9.715000152587890625e+01
9.691999816894531250e+01
9.654000091552734375e+01
9.690000152587890625e+01
9.722000122070312500e+01
9.741000366210937500e+01
9.723999786376953125e+01
9.719000244140625000e+01
9.723999786376953125e+01
9.731999969482421875e+01
9.765000152587890625e+01
9.722000122070312500e+01
9.776000213623046875e+01
9.755000305175781250e+01
9.754000091552734375e+01
9.487000274658203125e+01
9.716999816894531250e+01
9.731999969482421875e+01
9.743000030517578125e+01
9.761000061035156250e+01
9.773999786376953125e+01
9.755999755859375000e+01
9.741999816894531250e+01
9.766000366210937500e+01
9.763999938964843750e+01
9.563999938964843750e+01
9.744999694824218750e+01
9.762000274658203125e+01
9.722000122070312500e+01
9.752999877929687500e+01
9.762999725341796875e+01
9.745999908447265625e+01
9.740000152587890625e+01
9.773000335693359375e+01
9.769000244140625000e+01
9.730999755859375000e+01
9.768000030517578125e+01
9.775000000000000000e+01
9.769000244140625000e+01
9.766999816894531250e+01
9.780000305175781250e+01
9.777999877929687500e+01
9.765000152587890625e+01
9.788999938964843750e+01
9.783000183105468750e+01
9.802999877929687500e+01
9.776999664306640625e+01
9.788999938964843750e+01
9.791999816894531250e+01
9.773000335693359375e+01
9.763999938964843750e+01
9.751999664306640625e+01
9.781999969482421875e+01
9.773999786376953125e+01
9.772000122070312500e+01
9.772000122070312500e+01
9.756999969482421875e+01
9.776999664306640625e+01
9.773000335693359375e+01
9.758000183105468750e+01
9.776000213623046875e+01
9.765000152587890625e+01
9.797000122070312500e+01
9.698000335693359375e+01
9.647000122070312500e+01
9.773000335693359375e+01
9.776000213623046875e+01
9.787000274658203125e+01
9.762999725341796875e+01
9.781999969482421875e+01
9.786000061035156250e+01
9.795999908447265625e+01
9.795999908447265625e+01
9.770999908447265625e+01
9.762999725341796875e+01
9.791000366210937500e+01
9.786000061035156250e+01
9.794000244140625000e+01
9.784999847412109375e+01
9.795999908447265625e+01
9.781999969482421875e+01
9.761000061035156250e+01
9.777999877929687500e+01
9.777999877929687500e+01
9.794000244140625000e+01
9.798000335693359375e+01
9.798999786376953125e+01
9.748999786376953125e+01
9.783999633789062500e+01
9.791999816894531250e+01
9.802999877929687500e+01
9.744000244140625000e+01
9.798000335693359375e+01
9.794999694824218750e+01
9.756999969482421875e+01
9.744000244140625000e+01
9.762999725341796875e+01
9.762000274658203125e+01
9.758000183105468750e+01
9.781999969482421875e+01
9.790000152587890625e+01
9.794000244140625000e+01
9.788999938964843750e+01
9.637999725341796875e+01
9.805000305175781250e+01
9.776999664306640625e+01
9.800000000000000000e+01
9.773000335693359375e+01
9.795999908447265625e+01
9.775000000000000000e+01
9.786000061035156250e+01
9.798999786376953125e+01
9.783000183105468750e+01
9.763999938964843750e+01
9.790000152587890625e+01
9.759999847412109375e+01
9.800000000000000000e+01
9.783000183105468750e+01
9.795999908447265625e+01
9.804000091552734375e+01
9.805000305175781250e+01
9.619999694824218750e+01
9.816000366210937500e+01
9.806999969482421875e+01
9.744000244140625000e+01
9.808000183105468750e+01
9.781999969482421875e+01
9.776999664306640625e+01
9.765000152587890625e+01
9.791000366210937500e+01
9.776999664306640625e+01
9.744000244140625000e+01
9.797000122070312500e+01
9.769999694824218750e+01
9.780000305175781250e+01
9.794000244140625000e+01
9.776000213623046875e+01
9.798000335693359375e+01
9.798000335693359375e+01
9.770999908447265625e+01
9.795999908447265625e+01
9.769999694824218750e+01
9.798999786376953125e+01
9.769999694824218750e+01
9.780000305175781250e+01
9.794999694824218750e+01
9.787000274658203125e+01
9.768000030517578125e+01
9.808999633789062500e+01
9.768000030517578125e+01
9.798999786376953125e+01
