2.976000022888183594e+01
7.254000091552734375e+01
8.601999664306640625e+01
8.954000091552734375e+01
9.226999664306640625e+01
9.341999816894531250e+01
9.363999938964843750e+01
9.436000061035156250e+01
9.466999816894531250e+01
9.475000000000000000e+01
9.494999694824218750e+01
9.548999786376953125e+01
9.561000061035156250e+01
9.533000183105468750e+01
9.554000091552734375e+01
9.587999725341796875e+01
9.587999725341796875e+01
9.601000213623046875e+01
9.612000274658203125e+01
9.640000152587890625e+01
9.637000274658203125e+01
9.652999877929687500e+01
9.652999877929687500e+01
9.669000244140625000e+01
9.654000091552734375e+01
9.656999969482421875e+01
9.680999755859375000e+01
9.673999786376953125e+01
9.675000000000000000e+01
9.681999969482421875e+01
9.683999633789062500e+01
9.683999633789062500e+01
9.694999694824218750e+01
9.701000213623046875e+01
9.701999664306640625e+01
9.698000335693359375e+01
9.715000152587890625e+01
9.702999877929687500e+01
9.716000366210937500e+01
9.720999908447265625e+01
9.723000335693359375e+01
9.727999877929687500e+01
9.712000274658203125e+01
9.738999938964843750e+01
9.733000183105468750e+01
9.741000366210937500e+01
9.736000061035156250e+01
9.747000122070312500e+01
9.748999786376953125e+01
9.755000305175781250e+01
9.730999755859375000e+01
9.741000366210937500e+01
9.763999938964843750e+01
9.744999694824218750e+01
9.758000183105468750e+01
9.765000152587890625e+01
9.755999755859375000e+01
9.748000335693359375e+01
9.751000213623046875e+01
9.761000061035156250e+01
9.748999786376953125e+01
9.768000030517578125e+01
9.751000213623046875e+01
9.761000061035156250e+01
9.772000122070312500e+01
9.769000244140625000e+01
9.766000366210937500e+01
9.776000213623046875e+01
9.766000366210937500e+01
9.762000274658203125e+01
9.775000000000000000e+01
9.769000244140625000e+01
9.773999786376953125e+01
9.773000335693359375e+01
9.768000030517578125e+01
9.773000335693359375e+01
9.777999877929687500e+01
9.766000366210937500e+01
9.768000030517578125e+01
9.786000061035156250e+01
9.788999938964843750e+01
9.766000366210937500e+01
9.765000152587890625e+01
9.769999694824218750e+01
9.787000274658203125e+01
9.794999694824218750e+01
9.790000152587890625e+01
9.791000366210937500e+01
9.780000305175781250e+01
9.780000305175781250e+01
9.794000244140625000e+01
9.783000183105468750e+01
9.772000122070312500e+01
9.795999908447265625e+01
9.798999786376953125e+01
9.780000305175781250e+01
9.788999938964843750e+01
9.804000091552734375e+01
9.791999816894531250e+01
9.798999786376953125e+01
