2.002000045776367188e+01
6.334999847412109375e+01
7.795999908447265625e+01
8.438999938964843750e+01
8.609999847412109375e+01
8.919000244140625000e+01
9.076000213623046875e+01
9.180000305175781250e+01
9.337000274658203125e+01
9.391000366210937500e+01
9.441000366210937500e+01
9.473000335693359375e+01
9.462000274658203125e+01
9.459999847412109375e+01
9.555000305175781250e+01
9.534999847412109375e+01
9.559999847412109375e+01
9.551999664306640625e+01
9.608999633789062500e+01
9.598000335693359375e+01
9.563999938964843750e+01
9.611000061035156250e+01
9.615000152587890625e+01
9.652999877929687500e+01
9.651000213623046875e+01
9.626999664306640625e+01
9.670999908447265625e+01
9.644000244140625000e+01
9.673000335693359375e+01
9.666000366210937500e+01
9.647000122070312500e+01
9.663999938964843750e+01
9.658999633789062500e+01
9.691000366210937500e+01
9.706999969482421875e+01
9.680000305175781250e+01
9.650000000000000000e+01
9.719000244140625000e+01
9.676999664306640625e+01
9.709999847412109375e+01
9.709999847412109375e+01
9.702999877929687500e+01
9.704000091552734375e+01
9.704000091552734375e+01
9.698999786376953125e+01
9.733999633789062500e+01
9.719000244140625000e+01
9.730000305175781250e+01
9.733000183105468750e+01
9.745999908447265625e+01
9.729000091552734375e+01
9.748000335693359375e+01
9.773999786376953125e+01
9.755999755859375000e+01
9.770999908447265625e+01
9.766999816894531250e+01
9.726999664306640625e+01
9.766000366210937500e+01
9.755999755859375000e+01
9.756999969482421875e+01
9.759999847412109375e+01
9.737000274658203125e+01
9.769000244140625000e+01
9.730999755859375000e+01
9.762999725341796875e+01
9.748999786376953125e+01
9.773999786376953125e+01
9.780000305175781250e+01
9.776999664306640625e+01
9.766999816894531250e+01
9.744000244140625000e+01
9.755000305175781250e+01
9.773000335693359375e+01
9.769999694824218750e+01
9.741000366210937500e+01
9.784999847412109375e+01
9.794000244140625000e+01
9.780999755859375000e+01
9.773000335693359375e+01
9.794000244140625000e+01
9.765000152587890625e+01
9.780999755859375000e+01
9.784999847412109375e+01
9.798999786376953125e+01
9.795999908447265625e+01
9.797000122070312500e+01
9.754000091552734375e+01
9.780000305175781250e+01
9.791000366210937500e+01
9.786000061035156250e+01
9.794000244140625000e+01
9.794000244140625000e+01
9.769000244140625000e+01
9.780000305175781250e+01
9.794999694824218750e+01
9.798999786376953125e+01
9.806999969482421875e+01
9.795999908447265625e+01
9.808000183105468750e+01
9.806999969482421875e+01
9.801999664306640625e+01
9.791000366210937500e+01
9.816999816894531250e+01
9.808000183105468750e+01
9.780000305175781250e+01
9.813999938964843750e+01
9.805999755859375000e+01
9.776999664306640625e+01
9.794999694824218750e+01
9.812000274658203125e+01
9.791000366210937500e+01
9.798999786376953125e+01
9.797000122070312500e+01
9.790000152587890625e+01
9.770999908447265625e+01
9.805999755859375000e+01
9.795999908447265625e+01
9.801000213623046875e+01
9.815000152587890625e+01
9.819999694824218750e+01
9.816000366210937500e+01
9.809999847412109375e+01
9.788999938964843750e+01
9.788999938964843750e+01
9.801999664306640625e+01
9.806999969482421875e+01
9.816999816894531250e+01
9.795999908447265625e+01
9.805000305175781250e+01
9.806999969482421875e+01
9.811000061035156250e+01
9.808999633789062500e+01
9.819999694824218750e+01
9.816000366210937500e+01
9.816000366210937500e+01
9.819999694824218750e+01
9.811000061035156250e+01
9.805999755859375000e+01
9.805999755859375000e+01
9.805000305175781250e+01
9.822000122070312500e+01
9.816999816894531250e+01
9.801000213623046875e+01
9.800000000000000000e+01
9.815000152587890625e+01
9.813999938964843750e+01
9.813999938964843750e+01
9.801999664306640625e+01
9.812000274658203125e+01
9.812000274658203125e+01
9.819000244140625000e+01
9.811000061035156250e+01
9.820999908447265625e+01
9.793000030517578125e+01
9.819000244140625000e+01
9.823000335693359375e+01
9.819000244140625000e+01
9.816999816894531250e+01
9.811000061035156250e+01
9.809999847412109375e+01
9.826000213623046875e+01
9.805999755859375000e+01
9.791999816894531250e+01
9.812000274658203125e+01
9.825000000000000000e+01
9.823999786376953125e+01
9.822000122070312500e+01
9.819999694824218750e+01
9.813999938964843750e+01
9.823000335693359375e+01
9.813999938964843750e+01
9.820999908447265625e+01
9.816000366210937500e+01
9.820999908447265625e+01
9.823999786376953125e+01
9.840000152587890625e+01
9.823999786376953125e+01
9.834999847412109375e+01
9.816999816894531250e+01
9.811000061035156250e+01
9.823000335693359375e+01
9.822000122070312500e+01
9.813999938964843750e+01
9.816999816894531250e+01
9.819000244140625000e+01
9.834999847412109375e+01
9.833000183105468750e+01
9.816000366210937500e+01
9.840000152587890625e+01
9.829000091552734375e+01
9.827999877929687500e+01
9.826999664306640625e+01
9.816999816894531250e+01
9.820999908447265625e+01
9.830999755859375000e+01
9.820999908447265625e+01
9.829000091552734375e+01
9.819999694824218750e+01
9.825000000000000000e+01
9.820999908447265625e+01
