2.968000030517578125e+01
7.041999816894531250e+01
7.812000274658203125e+01
7.952999877929687500e+01
8.451999664306640625e+01
8.543000030517578125e+01
8.784999847412109375e+01
9.084999847412109375e+01
9.148999786376953125e+01
9.000000000000000000e+01
9.323000335693359375e+01
9.352999877929687500e+01
9.423000335693359375e+01
9.422000122070312500e+01
9.437000274658203125e+01
9.498999786376953125e+01
9.431999969482421875e+01
9.518000030517578125e+01
9.529000091552734375e+01
9.562999725341796875e+01
9.508000183105468750e+01
9.497000122070312500e+01
9.516999816894531250e+01
9.562000274658203125e+01
9.569999694824218750e+01
9.584999847412109375e+01
9.598000335693359375e+01
9.572000122070312500e+01
9.576999664306640625e+01
9.608000183105468750e+01
9.587999725341796875e+01
9.612000274658203125e+01
9.618000030517578125e+01
9.595999908447265625e+01
9.619999694824218750e+01
9.608999633789062500e+01
9.586000061035156250e+01
9.633999633789062500e+01
9.641999816894531250e+01
9.608000183105468750e+01
9.633999633789062500e+01
9.643000030517578125e+01
9.651999664306640625e+01
9.626000213623046875e+01
9.629000091552734375e+01
9.655000305175781250e+01
9.647000122070312500e+01
9.669999694824218750e+01
9.652999877929687500e+01
9.656999969482421875e+01
9.662000274658203125e+01
9.633999633789062500e+01
9.594000244140625000e+01
9.648999786376953125e+01
9.658999633789062500e+01
9.666999816894531250e+01
9.688999938964843750e+01
9.651000213623046875e+01
9.669999694824218750e+01
9.631999969482421875e+01
9.665000152587890625e+01
9.687000274658203125e+01
9.690000152587890625e+01
9.666000366210937500e+01
9.683999633789062500e+01
9.672000122070312500e+01
9.661000061035156250e+01
9.651999664306640625e+01
9.708999633789062500e+01
9.694999694824218750e+01
9.686000061035156250e+01
9.676000213623046875e+01
9.683999633789062500e+01
9.702999877929687500e+01
9.705000305175781250e+01
9.686000061035156250e+01
9.644999694824218750e+01
9.669999694824218750e+01
9.700000000000000000e+01
9.697000122070312500e+01
9.700000000000000000e+01
9.687999725341796875e+01
9.659999847412109375e+01
9.695999908447265625e+01
9.665000152587890625e+01
9.658999633789062500e+01
9.680000305175781250e+01
9.648000335693359375e+01
9.705999755859375000e+01
9.715000152587890625e+01
9.723999786376953125e+01
9.723999786376953125e+01
9.723999786376953125e+01
9.712999725341796875e+01
9.723000335693359375e+01
9.726999664306640625e+01
9.737000274658203125e+01
9.734999847412109375e+01
9.722000122070312500e+01
9.723000335693359375e+01
9.733000183105468750e+01
9.736000061035156250e+01
9.741999816894531250e+01
9.738999938964843750e+01
9.743000030517578125e+01
9.756999969482421875e+01
9.755000305175781250e+01
9.738999938964843750e+01
9.758000183105468750e+01
9.748999786376953125e+01
9.768000030517578125e+01
9.743000030517578125e+01
9.759999847412109375e+01
9.755000305175781250e+01
9.734999847412109375e+01
9.748000335693359375e+01
9.761000061035156250e+01
9.741999816894531250e+01
9.740000152587890625e+01
9.750000000000000000e+01
9.755999755859375000e+01
9.763999938964843750e+01
9.756999969482421875e+01
9.733000183105468750e+01
9.756999969482421875e+01
9.748999786376953125e+01
9.758999633789062500e+01
9.743000030517578125e+01
9.776000213623046875e+01
9.754000091552734375e+01
9.755999755859375000e+01
9.765000152587890625e+01
9.772000122070312500e+01
9.762000274658203125e+01
9.776000213623046875e+01
9.752999877929687500e+01
9.751999664306640625e+01
9.768000030517578125e+01
9.765000152587890625e+01
9.765000152587890625e+01
9.754000091552734375e+01
9.758000183105468750e+01
9.775000000000000000e+01
9.762000274658203125e+01
9.766999816894531250e+01
9.769999694824218750e+01
9.751000213623046875e+01
9.766000366210937500e+01
9.758000183105468750e+01
9.766000366210937500e+01
9.756999969482421875e+01
9.773999786376953125e+01
9.751000213623046875e+01
9.758999633789062500e+01
9.776999664306640625e+01
9.769000244140625000e+01
9.758000183105468750e+01
9.769000244140625000e+01
9.766000366210937500e+01
9.787999725341796875e+01
9.783000183105468750e+01
9.759999847412109375e+01
9.776000213623046875e+01
9.776000213623046875e+01
9.769999694824218750e+01
9.791999816894531250e+01
9.763999938964843750e+01
9.754000091552734375e+01
9.770999908447265625e+01
9.768000030517578125e+01
9.776999664306640625e+01
9.747000122070312500e+01
9.737999725341796875e+01
9.775000000000000000e+01
9.794999694824218750e+01
9.775000000000000000e+01
9.773000335693359375e+01
9.777999877929687500e+01
9.794000244140625000e+01
9.776999664306640625e+01
9.787000274658203125e+01
9.784999847412109375e+01
9.787000274658203125e+01
9.790000152587890625e+01
9.770999908447265625e+01
9.793000030517578125e+01
9.783999633789062500e+01
9.773000335693359375e+01
9.772000122070312500e+01
9.776999664306640625e+01
9.765000152587890625e+01
9.759999847412109375e+01
9.780999755859375000e+01
9.793000030517578125e+01
9.794000244140625000e+01
9.769999694824218750e+01
9.752999877929687500e+01
9.763999938964843750e+01
9.766999816894531250e+01
9.776999664306640625e+01
