2.061000061035156250e+01
6.965000152587890625e+01
7.825000000000000000e+01
8.106999969482421875e+01
8.470999908447265625e+01
8.715000152587890625e+01
8.834999847412109375e+01
9.200000000000000000e+01
9.238999938964843750e+01
9.090000152587890625e+01
9.366000366210937500e+01
9.368000030517578125e+01
9.469000244140625000e+01
9.454000091552734375e+01
9.497000122070312500e+01
9.548999786376953125e+01
9.433000183105468750e+01
9.555000305175781250e+01
9.583999633789062500e+01
9.583999633789062500e+01
9.563999938964843750e+01
9.533999633789062500e+01
9.558999633789062500e+01
9.583999633789062500e+01
9.600000000000000000e+01
9.605999755859375000e+01
9.608000183105468750e+01
9.616000366210937500e+01
9.594000244140625000e+01
9.611000061035156250e+01
9.558000183105468750e+01
9.612000274658203125e+01
9.647000122070312500e+01
9.618000030517578125e+01
9.663999938964843750e+01
9.643000030517578125e+01
9.647000122070312500e+01
9.673000335693359375e+01
9.683999633789062500e+01
9.666999816894531250e+01
9.655999755859375000e+01
9.677999877929687500e+01
9.686000061035156250e+01
9.669000244140625000e+01
9.654000091552734375e+01
9.641000366210937500e+01
9.680000305175781250e+01
9.694999694824218750e+01
9.654000091552734375e+01
9.694000244140625000e+01
9.700000000000000000e+01
9.669999694824218750e+01
9.590000152587890625e+01
9.700000000000000000e+01
9.688999938964843750e+01
9.691000366210937500e+01
9.708000183105468750e+01
9.684999847412109375e+01
9.695999908447265625e+01
9.688999938964843750e+01
9.701000213623046875e+01
9.697000122070312500e+01
9.709999847412109375e+01
9.683000183105468750e+01
9.686000061035156250e+01
9.701999664306640625e+01
9.700000000000000000e+01
9.675000000000000000e+01
9.708999633789062500e+01
9.705000305175781250e+01
9.702999877929687500e+01
9.691000366210937500e+01
9.709999847412109375e+01
9.684999847412109375e+01
9.702999877929687500e+01
9.698000335693359375e+01
9.670999908447265625e+01
9.687999725341796875e+01
9.706999969482421875e+01
9.715000152587890625e+01
9.730000305175781250e+01
9.697000122070312500e+01
9.705000305175781250e+01
9.729000091552734375e+01
9.687000274658203125e+01
9.695999908447265625e+01
9.681999969482421875e+01
9.676999664306640625e+01
9.729000091552734375e+01
9.722000122070312500e+01
9.755999755859375000e+01
9.737000274658203125e+01
9.759999847412109375e+01
9.747000122070312500e+01
9.751999664306640625e+01
9.754000091552734375e+01
9.768000030517578125e+01
9.772000122070312500e+01
9.763999938964843750e+01
9.756999969482421875e+01
