4.938000106811523438e+01
7.555999755859375000e+01
8.451999664306640625e+01
8.801999664306640625e+01
8.901999664306640625e+01
9.247000122070312500e+01
9.291000366210937500e+01
7.833999633789062500e+01
9.423000335693359375e+01
9.326999664306640625e+01
9.391000366210937500e+01
9.498000335693359375e+01
9.366999816894531250e+01
9.484999847412109375e+01
9.548000335693359375e+01
9.581999969482421875e+01
9.538999938964843750e+01
9.577999877929687500e+01
9.536000061035156250e+01
9.612999725341796875e+01
9.545999908447265625e+01
9.644000244140625000e+01
9.468000030517578125e+01
9.626000213623046875e+01
9.694000244140625000e+01
9.684999847412109375e+01
9.693000030517578125e+01
9.687999725341796875e+01
9.658000183105468750e+01
9.677999877929687500e+01
9.666000366210937500e+01
9.694999694824218750e+01
9.661000061035156250e+01
9.697000122070312500e+01
9.623999786376953125e+01
9.705999755859375000e+01
9.737000274658203125e+01
9.701999664306640625e+01
9.736000061035156250e+01
9.730999755859375000e+01
9.733000183105468750e+01
9.737000274658203125e+01
9.738999938964843750e+01
9.681999969482421875e+01
9.750000000000000000e+01
9.755999755859375000e+01
9.737999725341796875e+01
9.747000122070312500e+01
9.737999725341796875e+01
9.762000274658203125e+01
9.726999664306640625e+01
9.758999633789062500e+01
9.725000000000000000e+01
9.783000183105468750e+01
9.781999969482421875e+01
9.773000335693359375e+01
9.758999633789062500e+01
9.758000183105468750e+01
9.773999786376953125e+01
9.755000305175781250e+01
9.765000152587890625e+01
9.779000091552734375e+01
9.765000152587890625e+01
9.773999786376953125e+01
9.768000030517578125e+01
9.780999755859375000e+01
9.780999755859375000e+01
9.780999755859375000e+01
9.797000122070312500e+01
9.798000335693359375e+01
9.763999938964843750e+01
9.798999786376953125e+01
9.775000000000000000e+01
9.761000061035156250e+01
9.791999816894531250e+01
9.805000305175781250e+01
9.715000152587890625e+01
9.697000122070312500e+01
9.780999755859375000e+01
9.786000061035156250e+01
9.808000183105468750e+01
9.791999816894531250e+01
9.806999969482421875e+01
9.776000213623046875e+01
9.795999908447265625e+01
9.801000213623046875e+01
9.748000335693359375e+01
9.802999877929687500e+01
9.787999725341796875e+01
9.675000000000000000e+01
9.800000000000000000e+01
9.806999969482421875e+01
9.804000091552734375e+01
9.781999969482421875e+01
9.779000091552734375e+01
9.808000183105468750e+01
9.773000335693359375e+01
9.795999908447265625e+01
9.805999755859375000e+01
9.813999938964843750e+01
