7.996496894754990814e-01
5.787408391644410788e-01
4.440950712340911433e-01
3.122255968042466079e-01
2.689783597043521324e-01
2.495790694687321787e-01
2.015286764080096715e-01
2.130267051517408250e-01
2.013014282036710845e-01
1.669721392849481123e-01
1.687321973973210376e-01
1.863467572926941762e-01
1.724957042076062097e-01
1.461183590952014055e-01
1.154104489734428113e-01
1.493980631745748522e-01
1.330091898349182733e-01
1.199918899414274820e-01
1.297679655084902628e-01
1.309066063524267354e-01
1.373661600459783472e-01
1.020258029237805786e-01
1.162503926369375939e-01
1.039430058040832910e-01
1.022555479918716148e-01
1.038682917849863413e-01
1.154544110891994185e-01
1.082085057508171549e-01
1.162252793708203197e-01
1.087293525622205492e-01
1.018782248660100309e-01
9.979766373486501085e-02
1.164693714434340555e-01
9.551680197917176984e-02
9.352171645284194923e-02
9.080151950746347123e-02
8.113633987256387015e-02
9.293788403402498954e-02
9.145944404028866215e-02
8.616929913721500800e-02
8.704086282575292099e-02
1.027079025333358653e-01
9.372000125294048523e-02
7.970794564300304197e-02
9.650234648419600547e-02
8.517490617509562711e-02
9.699792682256405674e-02
7.607304396119356216e-02
6.775706428090207123e-02
7.690901078651195266e-02
6.427367549518303580e-02
7.701926372513911989e-02
9.405813083648924267e-02
7.190288699291295937e-02
5.975654732958246562e-02
7.080555824545871346e-02
8.121734640437193453e-02
7.623090466624139749e-02
7.047922146532573096e-02
8.607677095356258690e-02
7.733303809667158024e-02
6.990290195012753560e-02
6.329108905773768445e-02
6.319211915558693715e-02
7.593056734261756369e-02
7.600974644084169951e-02
8.051289599001673625e-02
5.958865425499849239e-02
6.263110050331061052e-02
6.827799677731882788e-02
6.290181600228360315e-02
6.710736091586634589e-02
6.259630499847959606e-02
5.090403455057045806e-02
7.055006980337294453e-02
7.902244478133527150e-02
6.066255965550337859e-02
6.915753453572008602e-02
6.106128183753417593e-02
5.893814372433894139e-02
6.295974163917475441e-02
5.426968812077265919e-02
6.120318718077565751e-02
6.182477250866859342e-02
5.655612244631747637e-02
6.902543113661942231e-02
5.616471493622907790e-02
6.429647529517171223e-02
4.582305986557137084e-02
6.601619064445836405e-02
6.308376637702077516e-02
5.736185791339094148e-02
4.567774755285331639e-02
5.898373155395175704e-02
4.941992576495642109e-02
5.175720736791640519e-02
5.206148876771468648e-02
5.079139846580937867e-02
5.763319285851036672e-02
6.259865404981400372e-02
