8.260307081946740571e-01
5.774761517143589540e-01
3.934461311929765004e-01
3.041812655515713226e-01
2.755691556581876811e-01
2.261269859389262449e-01
1.914546187017808487e-01
1.833855104179568651e-01
1.652496755306532561e-01
1.539642141649591178e-01
1.583191565533783041e-01
1.428642574245545804e-01
1.392153884098092098e-01
1.185191938080586704e-01
1.337047530597161027e-01
1.299494507701692281e-01
1.150670518267941228e-01
1.044573610467199876e-01
1.020982276930639809e-01
1.243756097765736507e-01
1.074141626289934065e-01
1.121588067183768855e-01
9.304187283896356297e-02
1.025107382561370878e-01
9.653913341329230235e-02
9.481799924015898995e-02
1.002167898633626458e-01
8.498230599588443845e-02
8.332736729466617975e-02
8.421319101752411385e-02
8.775014800661171122e-02
9.544116163964951050e-02
9.080725942506172321e-02
8.687844924936850843e-02
7.788912428121490261e-02
7.125562111681990607e-02
7.400669005956576896e-02
8.419790977226726536e-02
8.110600692119820931e-02
7.884561943883738877e-02
7.794810599062045042e-02
7.219986938541733679e-02
7.200563084247761647e-02
7.726160529688481937e-02
7.825017621886758146e-02
6.930832218594738803e-02
7.810585793556076850e-02
6.727490069780636683e-02
7.184351104910138841e-02
6.754987171641467503e-02
7.862839427381404511e-02
6.566127642747135451e-02
7.043518251672298280e-02
6.716317757108140885e-02
6.547524279574991335e-02
6.139666968503502270e-02
5.796071376751302934e-02
5.768477782814494803e-02
6.263084368114889278e-02
6.127082792322048610e-02
5.911255259879986956e-02
5.961686701769362828e-02
6.814340086943469765e-02
6.921693967843878248e-02
6.174634164506166700e-02
5.973234102610828350e-02
5.867649345278972556e-02
6.035921703436365748e-02
5.117165014510290794e-02
6.794506524025820116e-02
5.264768725380929160e-02
5.854857537894408992e-02
5.216207980341230899e-02
5.176627261262136542e-02
5.732006537139102548e-02
5.596514246070050103e-02
5.993177565884021119e-02
6.028526989573553679e-02
5.171253335194742062e-02
5.577524941256280927e-02
5.336292378460100183e-02
4.927568963996373230e-02
4.523135934711934592e-02
5.230814996743445716e-02
4.976532030290491820e-02
4.885225932699117923e-02
5.693507753979180908e-02
6.057796086931810375e-02
6.691476270794874393e-02
5.925542102059710992e-02
5.537253435254896328e-02
5.691733415826503995e-02
5.050048402216500421e-02
5.670475721676513509e-02
5.489081587882101154e-02
5.160396949682310996e-02
5.242222779491112483e-02
5.015538364066719768e-02
5.264027193609436411e-02
5.329303276228684882e-02
