9.032150449992035757e-01
6.986925065164165671e-01
5.595263100870858652e-01
3.548316973394275431e-01
3.628245377768626878e-01
3.646950402518651657e-01
2.649164548654678319e-01
2.649164548654678319e-01
2.798155527573124024e-01
2.905519665851205025e-01
2.251222278063828297e-01
2.124559194476986212e-01
2.124559194476986212e-01
2.124559194476986212e-01
2.232777081286434206e-01
2.092572719198253495e-01
1.858101153254863025e-01
1.510483083388295955e-01
1.951815787248971645e-01
1.868066088719949613e-01
1.510225835235056713e-01
2.183589784444912030e-01
1.598031592254484656e-01
1.634317932011981611e-01
1.734832602362867682e-01
1.467555779561643958e-01
1.445091640044429415e-01
1.658680648514168632e-01
1.295038708978689945e-01
1.141698753480120676e-01
1.246521472971367367e-01
1.511145775491952448e-01
1.646679494249789211e-01
1.371679314996340215e-01
2.225546792098928583e-01
1.191138437473167611e-01
1.385340947420407587e-01
1.339864219286073244e-01
1.091013473776873965e-01
1.024340374919028990e-01
9.359499975046473019e-02
9.763696350731139451e-02
1.124901897741514556e-01
1.638517000316541683e-01
9.719655326880456692e-02
1.301393925218164438e-01
7.277136441681684997e-02
1.263063054277190345e-01
1.460225587572152317e-01
7.797137106191716349e-02
9.566675167932224555e-02
1.050955232695385266e-01
1.220800976285592865e-01
1.277531861317835193e-01
1.105542181891039366e-01
9.029880567227607790e-02
9.331983900370340035e-02
1.159841962479158661e-01
8.643152107076096380e-02
8.087423872260846025e-02
1.371264124407043372e-01
1.068374553303112623e-01
7.885062254423136352e-02
7.253104077097452529e-02
1.015148713972523625e-01
1.004647275053320438e-01
7.280800008036622528e-02
9.802930537000666134e-02
9.387467771579452447e-02
8.590750353283185814e-02
7.528725562733007415e-02
1.070154610507314114e-01
9.906993246772996531e-02
1.103258264688900814e-01
9.048930209401190305e-02
7.975447459039111675e-02
9.695953540639512536e-02
8.821567846053968154e-02
5.618169281094986811e-02
9.739908857767065609e-02
6.276701624225447529e-02
9.227450026723682530e-02
7.316444149904885452e-02
6.169811407508225820e-02
1.411926870966946357e-01
8.493866876529987398e-02
1.031565724858776872e-01
8.906189926355023712e-02
6.336935252913784844e-02
8.026462102824116762e-02
6.671304515344080033e-02
6.563830739169163042e-02
8.998845407035631350e-02
5.858727394692627571e-02
7.802579153313235483e-02
8.530343385428369729e-02
6.750484864502291626e-02
1.039174276970979277e-01
6.502931785066390358e-02
8.209258239140118651e-02
