9.210738480023361596e-01
6.270129750125507107e-01
4.783230736065086641e-01
3.450843010986295312e-01
2.862196893760933780e-01
2.473502779202828017e-01
2.665522531138981299e-01
2.347475861530029240e-01
2.102152635976211326e-01
1.894289330517978653e-01
1.758262342253427701e-01
1.687382675638420260e-01
1.756462998685307531e-01
1.603539923055910810e-01
1.595469038331733536e-01
1.637639327000034728e-01
1.463886103792963744e-01
1.500656069277408189e-01
1.363558974888390285e-01
1.402699389085409198e-01
1.301930210568712498e-01
1.194570006927801326e-01
1.233268246138054663e-01
1.273594670069528034e-01
1.180155077048641310e-01
1.221571801560815684e-01
1.073263233747540901e-01
1.093183406763730686e-01
1.076872984093979885e-01
1.133031409143900603e-01
9.820334611012165871e-02
1.110655927847140206e-01
1.129651847099245182e-01
9.460775478297010765e-02
9.880367357245206650e-02
9.633117421984641049e-02
9.993523483534003105e-02
9.711454829753325690e-02
9.233701305236391432e-02
9.391757937738953732e-02
8.775794220121937994e-02
8.292312196869414120e-02
9.734896549666094412e-02
9.228383092976570612e-02
8.019699635918238478e-02
8.343973552406121208e-02
8.348910310840426674e-02
8.793272603096158324e-02
7.541828507187875452e-02
7.850274907418344772e-02
9.021349700099146052e-02
9.512513775272016248e-02
8.069082687729152437e-02
7.361194256579151052e-02
8.153817136442183255e-02
7.350025043809586822e-02
6.905262191924249615e-02
8.671304009828019466e-02
6.873596176429364046e-02
7.586019781542299723e-02
7.336208488784408399e-02
6.788269523201508060e-02
7.593269593242361892e-02
8.481457997133173832e-02
6.312428186354465676e-02
7.508528140553798191e-02
6.530693010387532416e-02
5.805399537739155263e-02
8.228856966648755156e-02
7.714633645567459119e-02
6.794218351590849969e-02
6.440243677843780767e-02
6.500870871604338963e-02
7.713303525903544844e-02
7.119472471746406128e-02
5.436329856579723285e-02
7.822946721313535356e-02
6.864002666416478549e-02
7.252951992778158830e-02
7.055755104122127253e-02
5.887165142690634762e-02
6.486864097776842697e-02
6.543539389120942018e-02
6.436770508421965631e-02
7.084628403369849781e-02
5.392331097593437705e-02
6.291506464223561856e-02
6.239148699767143452e-02
5.698669820329312768e-02
6.646816704710088730e-02
5.866622181316137608e-02
5.523839844554421369e-02
5.250374636807936257e-02
5.458917723955285933e-02
6.505158183190447307e-02
6.198238966996000299e-02
5.580945435082805550e-02
6.296090789350616834e-02
5.729416557994825021e-02
5.929707783779852165e-02
6.426865395849365448e-02
5.615963136107561537e-02
5.812300044095201207e-02
6.271177320935034105e-02
5.746622379190971519e-02
5.584011605468909567e-02
5.355091433205409063e-02
4.892030250861451046e-02
4.681078277962161249e-02
6.786959015294774522e-02
5.667703825232225934e-02
4.941367940822741223e-02
6.766486850402905762e-02
4.711762238044495121e-02
4.871592990028333209e-02
4.794133337760494301e-02
6.264905498260063543e-02
6.020852857776918393e-02
5.582339030229066523e-02
5.968355659552469078e-02
6.088233039291993803e-02
4.678265507580976756e-02
5.048362171834430701e-02
5.178333848171030179e-02
5.201988600938360630e-02
4.509102023309964624e-02
5.687100739743217864e-02
5.150638565860617829e-02
4.521925426670138359e-02
5.409514870674127923e-02
4.565055920531327360e-02
5.217780166271510089e-02
4.747283291975289837e-02
4.894570474434886687e-02
5.918743089710498673e-02
4.521061998433514861e-02
5.472808824275475492e-02
4.986246261063646129e-02
4.656357755619439098e-02
5.419075191312002632e-02
4.946747164255842211e-02
4.538383699744740624e-02
4.342510759782023527e-02
4.984375318890333501e-02
4.507025188820074080e-02
5.896142653763000036e-02
4.743094302709295607e-02
4.994811903341211945e-02
3.929341289711772017e-02
4.555061521863913720e-02
4.749801023179636705e-02
4.285121724661544729e-02
4.974880668028971303e-02
4.553322125479366406e-02
4.558665295596112110e-02
4.635463629332484820e-02
4.930525105864368152e-02
5.195155620663590573e-02
4.926376875208086231e-02
4.543722434664821536e-02
5.994479806071199846e-02
4.187989705069160296e-02
3.807588613327730215e-02
3.838926574858887025e-02
5.122110217088321482e-02
4.314514862021013447e-02
4.896301195106222276e-02
4.646244420126987434e-02
5.236688966475826212e-02
4.066103533292564354e-02
4.750330013326499456e-02
4.845503265913471413e-02
4.699160002083776350e-02
4.104434062272326739e-02
4.593473088283303585e-02
4.636478188902045522e-02
4.256429078510656772e-02
4.379995313092724385e-02
3.977745655605872260e-02
4.783001234695301307e-02
4.214985109010917219e-02
4.655790838124517633e-02
3.742933248411409175e-02
3.453946458855979007e-02
4.782008341217659081e-02
4.383862980778744506e-02
3.863578231821396258e-02
3.724816968536456135e-02
4.526387070427184689e-02
4.198697877301406367e-02
4.078317182015479825e-02
4.350735702584944409e-02
4.214096522797726452e-02
4.125692755433295333e-02
4.470339622191970425e-02
3.437178396183026424e-02
4.505087405305663317e-02
4.291552854050345589e-02
3.741253921495021201e-02
4.694849959251325838e-02
