8.537244681346083386e-01
6.747622854381414292e-01
5.587154863338293920e-01
3.162139479862192681e-01
3.346508812070544403e-01
3.327349574801066745e-01
2.662768032001108232e-01
2.662768032001108232e-01
2.625742833567671353e-01
2.554143885519893353e-01
2.235862696442116049e-01
1.936780118194674216e-01
1.936780118194674216e-01
1.936780118194674216e-01
1.885053238821354782e-01
1.975275901001219414e-01
1.692110713745275108e-01
1.409659865655914501e-01
1.764069330743275044e-01
1.663374982920350353e-01
1.251242344718169475e-01
1.927368063192732295e-01
1.430638668187451668e-01
1.589067282634156753e-01
1.633161861805341453e-01
1.317317466247881208e-01
1.389080484543374072e-01
1.608163090755687363e-01
1.175250320025320316e-01
1.102944217614653666e-01
1.128247259392189950e-01
1.278544988360413859e-01
1.509676268085197726e-01
1.196517870310479514e-01
1.872070703863004393e-01
1.266870194482727918e-01
1.234887638839430729e-01
1.105876638129150991e-01
9.639366087416720297e-02
9.032949248473266801e-02
8.509269899714763663e-02
8.242701203139372879e-02
1.092752843738258040e-01
1.378322718858444040e-01
9.422727737819514005e-02
1.268806699444391117e-01
7.096857240579784731e-02
1.260151559169999103e-01
1.323270229909010720e-01
8.431750711730047476e-02
8.213640098591214189e-02
1.056568414424744473e-01
1.096314512431028343e-01
1.198018069406917435e-01
1.096169891696978510e-01
8.704799632220121264e-02
8.060999293431476975e-02
1.096263623036765056e-01
7.948676123708063590e-02
8.651504590978389975e-02
1.071196320736671898e-01
1.048549271026311402e-01
7.996947551854251268e-02
6.296813338049898900e-02
1.106879486831904291e-01
9.089995109393345096e-02
6.848112960621505207e-02
9.159546473067782524e-02
1.036750900919045648e-01
8.171961241018659006e-02
7.493867888058972082e-02
1.018189786518925999e-01
1.015459115719587191e-01
1.041986757451954515e-01
8.765919192821869377e-02
7.720464109501555539e-02
9.343199546742757267e-02
9.414741608306116671e-02
4.596546869428967674e-02
9.637795565753921878e-02
6.003165922523270859e-02
9.835186296432023301e-02
8.560854805874841544e-02
6.679620600525766616e-02
1.353538058356160145e-01
7.816815062427535932e-02
1.057063351354372571e-01
7.492277440432300317e-02
6.171925707142664197e-02
8.442184980484923607e-02
6.261647283035838563e-02
6.150021010348065420e-02
9.414518956141659789e-02
5.393300707837089814e-02
8.345270530954973509e-02
8.382998460774869487e-02
7.488352961125263607e-02
9.953482520909891218e-02
7.055056741923458608e-02
7.845443624475256783e-02
9.781784808796753494e-02
7.362728164882390014e-02
5.420877759069707424e-02
6.076872776464550818e-02
7.585430221741312762e-02
4.952176090061620461e-02
8.779338075087490811e-02
5.981246770229012993e-02
4.710279218030467840e-02
8.182850697516008687e-02
7.248256111805650992e-02
8.264061448508808194e-02
6.511862934829140692e-02
6.911156110741985270e-02
7.705704336612231864e-02
7.219864934837352810e-02
5.387359164611486839e-02
6.788552989353646705e-02
7.301509376441117638e-02
8.455895734644697237e-02
7.248847099262259452e-02
6.429878050318643679e-02
7.098243719784831651e-02
6.969816105693622810e-02
7.622985890357773797e-02
6.534758688215919209e-02
4.729622227333461770e-02
7.715767753992942846e-02
7.029078220117855602e-02
6.048500111635295162e-02
5.811888431440397074e-02
5.705859647412041269e-02
5.705859647412041269e-02
6.630683014784821694e-02
1.312307679695387808e-01
6.527553510396140457e-02
7.496501829361766622e-02
8.730460108486683135e-02
6.886601070908306144e-02
6.886601070908306144e-02
7.861360889691348941e-02
4.350909895350524303e-02
7.217829752595140980e-02
4.428585189997967519e-02
8.961341039232831318e-02
6.611933646714657220e-02
7.897517621456849601e-02
6.440883647964493197e-02
4.856729515937531494e-02
7.389839411079540676e-02
5.072180973431280465e-02
5.083368100905392983e-02
5.604099649565031510e-02
6.407535069473384304e-02
4.937123454066964096e-02
7.939757706024663797e-02
4.718591493712216700e-02
6.034442821977718807e-02
7.246967695348939531e-02
8.693871879069334230e-02
5.601112733327492932e-02
6.161257018642579686e-02
7.707440551015366792e-02
3.458272079808117488e-02
8.220911400190310248e-02
5.577061656202565720e-02
6.223545052171980396e-02
4.868508270484585981e-02
3.751185476031162341e-02
2.389270562803461756e-02
7.425307261521416069e-02
5.449526639685511875e-02
7.670415986262425767e-02
5.820159674612738337e-02
4.417089558960769768e-02
4.530535800558765230e-02
5.501946421061412046e-02
4.186604656685916775e-02
7.034286526380398308e-02
4.601735480746680512e-02
7.498250417912703802e-02
5.923047288926552856e-02
5.857272617400136744e-02
7.223014110972357515e-02
7.089490995135562523e-02
5.685210421737499353e-02
5.482240289043578685e-02
7.157111123181852941e-02
4.952252272895985019e-02
7.222277968396698111e-02
8.130572480489493825e-02
6.469603044265188896e-02
4.894251395328776816e-02
5.521161432528795543e-02
4.801799443489164487e-02
6.482448328917252145e-02
3.735533678481176012e-02
4.725987914198423456e-02
6.925671161889827843e-02
4.147450573592562778e-02
