0.000000000000000000e+00
1.577000045776367188e+01
1.817000007629394531e+01
2.455999946594238281e+01
3.065999984741210938e+01
3.402000045776367188e+01
3.413999938964843750e+01
3.933000183105468750e+01
3.925999832153320312e+01
4.140000152587890625e+01
4.156000137329101562e+01
4.299000167846679688e+01
4.513999938964843750e+01
4.090999984741210938e+01
4.486999893188476562e+01
4.277999877929687500e+01
3.981000137329101562e+01
4.409999847412109375e+01
4.186000061035156250e+01
4.445999908447265625e+01
4.527999877929687500e+01
4.331999969482421875e+01
4.404000091552734375e+01
4.677000045776367188e+01
4.220999908447265625e+01
4.136000061035156250e+01
4.463000106811523438e+01
4.422999954223632812e+01
4.534999847412109375e+01
4.590000152587890625e+01
4.331000137329101562e+01
4.331000137329101562e+01
4.409000015258789062e+01
4.425999832153320312e+01
4.547999954223632812e+01
4.206000137329101562e+01
4.250999832153320312e+01
4.218000030517578125e+01
4.495000076293945312e+01
4.602000045776367188e+01
4.515000152587890625e+01
4.529999923706054688e+01
4.509000015258789062e+01
4.511999893188476562e+01
4.684000015258789062e+01
4.706999969482421875e+01
4.722999954223632812e+01
4.531000137329101562e+01
4.531000137329101562e+01
4.670000076293945312e+01
4.604999923706054688e+01
4.618999862670898438e+01
4.727000045776367188e+01
4.731999969482421875e+01
4.690999984741210938e+01
4.538000106811523438e+01
4.538000106811523438e+01
4.356000137329101562e+01
4.504999923706054688e+01
4.509000015258789062e+01
4.318999862670898438e+01
4.533000183105468750e+01
4.616999816894531250e+01
4.672000122070312500e+01
4.679999923706054688e+01
4.291999816894531250e+01
4.386999893188476562e+01
4.215999984741210938e+01
4.586000061035156250e+01
4.600999832153320312e+01
4.606000137329101562e+01
4.636999893188476562e+01
4.634999847412109375e+01
4.465999984741210938e+01
4.552000045776367188e+01
4.597000122070312500e+01
4.597000122070312500e+01
4.638000106811523438e+01
4.556999969482421875e+01
4.622000122070312500e+01
4.702999877929687500e+01
4.690000152587890625e+01
4.597000122070312500e+01
4.622000122070312500e+01
4.633000183105468750e+01
4.620000076293945312e+01
4.620000076293945312e+01
4.386000061035156250e+01
4.591999816894531250e+01
4.620000076293945312e+01
4.529999923706054688e+01
4.486999893188476562e+01
4.520999908447265625e+01
4.615999984741210938e+01
4.549000167846679688e+01
4.549000167846679688e+01
4.558000183105468750e+01
4.454999923706054688e+01
4.600000000000000000e+01
4.502999877929687500e+01
4.631000137329101562e+01
4.572000122070312500e+01
4.559000015258789062e+01
4.504000091552734375e+01
4.622000122070312500e+01
4.404999923706054688e+01
4.631999969482421875e+01
4.688000106811523438e+01
4.634000015258789062e+01
4.654000091552734375e+01
4.552999877929687500e+01
4.641999816894531250e+01
4.438000106811523438e+01
4.597000122070312500e+01
4.572999954223632812e+01
4.420999908447265625e+01
4.545999908447265625e+01
4.531999969482421875e+01
4.556999969482421875e+01
4.547000122070312500e+01
4.609000015258789062e+01
4.593000030517578125e+01
4.590999984741210938e+01
4.634999847412109375e+01
4.545999908447265625e+01
4.334000015258789062e+01
4.413999938964843750e+01
4.481000137329101562e+01
4.509999847412109375e+01
4.620000076293945312e+01
4.620000076293945312e+01
4.336000061035156250e+01
4.563000106811523438e+01
4.393999862670898438e+01
4.393999862670898438e+01
4.418000030517578125e+01
4.547999954223632812e+01
4.504000091552734375e+01
4.600999832153320312e+01
4.650999832153320312e+01
4.681000137329101562e+01
4.529000091552734375e+01
4.559999847412109375e+01
4.627000045776367188e+01
4.563999938964843750e+01
4.575000000000000000e+01
4.604999923706054688e+01
4.588999938964843750e+01
4.597000122070312500e+01
4.608000183105468750e+01
4.488999938964843750e+01
4.352000045776367188e+01
4.534000015258789062e+01
4.500999832153320312e+01
4.588000106811523438e+01
4.547999954223632812e+01
4.584000015258789062e+01
4.429000091552734375e+01
4.461000061035156250e+01
4.500999832153320312e+01
4.575999832153320312e+01
4.531000137329101562e+01
4.524000167846679688e+01
4.522999954223632812e+01
4.506999969482421875e+01
4.572999954223632812e+01
4.534000015258789062e+01
4.449000167846679688e+01
4.531000137329101562e+01
4.433000183105468750e+01
4.522999954223632812e+01
4.468999862670898438e+01
4.458000183105468750e+01
4.579999923706054688e+01
4.608000183105468750e+01
4.506000137329101562e+01
4.552000045776367188e+01
4.536000061035156250e+01
4.422000122070312500e+01
4.422000122070312500e+01
4.495999908447265625e+01
4.502000045776367188e+01
4.516999816894531250e+01
4.511999893188476562e+01
4.450000000000000000e+01
4.472000122070312500e+01
4.575000000000000000e+01
4.604999923706054688e+01
4.590000152587890625e+01
4.524000167846679688e+01
4.524000167846679688e+01
4.550000000000000000e+01
4.529999923706054688e+01
4.413999938964843750e+01
4.536000061035156250e+01
4.413999938964843750e+01
4.425000000000000000e+01
4.425999832153320312e+01
4.416999816894531250e+01
4.552999877929687500e+01
