0.000000000000000000e+00
1.725000000000000000e+01
4.190999984741210938e+01
4.438999938964843750e+01
6.758999633789062500e+01
7.945999908447265625e+01
7.491999816894531250e+01
8.241999816894531250e+01
8.404000091552734375e+01
8.816999816894531250e+01
9.091000366210937500e+01
8.933999633789062500e+01
9.255999755859375000e+01
8.780000305175781250e+01
9.044999694824218750e+01
9.236000061035156250e+01
8.338999938964843750e+01
9.233000183105468750e+01
7.980999755859375000e+01
9.066000366210937500e+01
9.294000244140625000e+01
8.050000000000000000e+01
9.413999938964843750e+01
9.551999664306640625e+01
8.950000000000000000e+01
8.791999816894531250e+01
9.356999969482421875e+01
9.387999725341796875e+01
9.280000305175781250e+01
9.262999725341796875e+01
9.041999816894531250e+01
9.041999816894531250e+01
9.426999664306640625e+01
9.383999633789062500e+01
9.491999816894531250e+01
8.512000274658203125e+01
8.265000152587890625e+01
9.001000213623046875e+01
9.200000000000000000e+01
9.523999786376953125e+01
9.341000366210937500e+01
9.508999633789062500e+01
9.459999847412109375e+01
9.568000030517578125e+01
9.483999633789062500e+01
9.565000152587890625e+01
9.559999847412109375e+01
9.433999633789062500e+01
9.433999633789062500e+01
9.580000305175781250e+01
