1.000000000000000000e+01
1.828000068664550781e+01
2.404000091552734375e+01
2.882999992370605469e+01
3.218000030517578125e+01
3.454000091552734375e+01
3.745999908447265625e+01
3.877999877929687500e+01
3.902999877929687500e+01
3.779999923706054688e+01
3.974000167846679688e+01
4.036000061035156250e+01
4.163999938964843750e+01
4.222999954223632812e+01
4.261000061035156250e+01
4.095000076293945312e+01
4.184000015258789062e+01
4.356000137329101562e+01
4.227000045776367188e+01
4.258000183105468750e+01
4.508000183105468750e+01
4.220999908447265625e+01
4.172000122070312500e+01
4.183000183105468750e+01
4.252999877929687500e+01
4.250999832153320312e+01
4.434999847412109375e+01
4.418000030517578125e+01
4.302000045776367188e+01
4.422000122070312500e+01
4.379000091552734375e+01
4.490999984741210938e+01
4.413999938964843750e+01
4.543000030517578125e+01
4.463000106811523438e+01
4.549000167846679688e+01
4.529999923706054688e+01
4.436000061035156250e+01
4.534000015258789062e+01
4.545000076293945312e+01
4.449000167846679688e+01
4.506000137329101562e+01
4.590000152587890625e+01
4.574000167846679688e+01
4.611999893188476562e+01
4.525000000000000000e+01
4.559999847412109375e+01
4.629999923706054688e+01
4.652999877929687500e+01
4.622999954223632812e+01
4.654999923706054688e+01
4.731999969482421875e+01
4.674000167846679688e+01
4.465999984741210938e+01
4.713000106811523438e+01
4.693000030517578125e+01
4.761999893188476562e+01
4.781000137329101562e+01
4.775999832153320312e+01
4.684999847412109375e+01
4.679000091552734375e+01
4.700999832153320312e+01
4.729999923706054688e+01
4.788999938964843750e+01
4.861999893188476562e+01
4.720000076293945312e+01
4.708000183105468750e+01
4.836000061035156250e+01
4.611999893188476562e+01
4.829999923706054688e+01
4.879999923706054688e+01
4.854999923706054688e+01
4.936000061035156250e+01
4.956000137329101562e+01
4.700000000000000000e+01
4.972000122070312500e+01
4.881000137329101562e+01
4.804999923706054688e+01
4.940999984741210938e+01
4.890000152587890625e+01
4.952000045776367188e+01
5.013999938964843750e+01
5.004999923706054688e+01
4.997999954223632812e+01
5.004999923706054688e+01
4.988000106811523438e+01
4.897000122070312500e+01
4.963000106811523438e+01
4.966999816894531250e+01
4.954000091552734375e+01
4.875999832153320312e+01
4.941999816894531250e+01
5.106999969482421875e+01
5.020999908447265625e+01
5.115999984741210938e+01
5.045000076293945312e+01
5.049000167846679688e+01
5.034000015258789062e+01
5.013999938964843750e+01
4.997000122070312500e+01
5.150000000000000000e+01
5.038999938964843750e+01
5.047000122070312500e+01
5.154999923706054688e+01
5.150000000000000000e+01
5.070000076293945312e+01
5.106999969482421875e+01
4.961000061035156250e+01
5.159000015258789062e+01
5.006999969482421875e+01
5.047999954223632812e+01
5.125000000000000000e+01
5.031000137329101562e+01
5.193000030517578125e+01
5.181999969482421875e+01
5.149000167846679688e+01
5.056999969482421875e+01
5.131000137329101562e+01
5.036999893188476562e+01
5.079000091552734375e+01
5.116999816894531250e+01
5.088999938964843750e+01
5.143000030517578125e+01
5.113999938964843750e+01
5.113000106811523438e+01
5.143000030517578125e+01
5.054000091552734375e+01
5.197000122070312500e+01
5.152000045776367188e+01
5.225000000000000000e+01
5.266999816894531250e+01
5.199000167846679688e+01
5.195000076293945312e+01
5.113999938964843750e+01
5.229000091552734375e+01
5.288999938964843750e+01
5.265000152587890625e+01
5.041999816894531250e+01
5.147999954223632812e+01
5.140000152587890625e+01
5.225000000000000000e+01
5.138000106811523438e+01
5.281000137329101562e+01
5.161999893188476562e+01
5.268000030517578125e+01
5.261999893188476562e+01
5.206999969482421875e+01
5.193000030517578125e+01
5.270000076293945312e+01
5.236999893188476562e+01
5.265999984741210938e+01
5.240999984741210938e+01
5.200000000000000000e+01
5.204000091552734375e+01
5.252000045776367188e+01
5.109000015258789062e+01
5.227000045776367188e+01
5.250999832153320312e+01
5.231999969482421875e+01
5.086999893188476562e+01
5.250999832153320312e+01
5.065999984741210938e+01
5.277000045776367188e+01
5.331000137329101562e+01
5.193999862670898438e+01
5.315999984741210938e+01
5.199000167846679688e+01
5.227000045776367188e+01
5.227999877929687500e+01
5.179999923706054688e+01
5.249000167846679688e+01
5.200999832153320312e+01
5.100000000000000000e+01
5.220000076293945312e+01
5.274000167846679688e+01
5.163000106811523438e+01
5.254000091552734375e+01
5.322000122070312500e+01
5.263999938964843750e+01
5.181000137329101562e+01
5.229999923706054688e+01
5.304000091552734375e+01
5.215999984741210938e+01
5.383000183105468750e+01
5.245000076293945312e+01
5.275999832153320312e+01
5.277000045776367188e+01
5.277000045776367188e+01
5.256000137329101562e+01
5.240999984741210938e+01
5.304000091552734375e+01
5.056000137329101562e+01
5.224000167846679688e+01
5.368999862670898438e+01
5.277999877929687500e+01
5.288999938964843750e+01
5.322000122070312500e+01
5.138999938964843750e+01
5.284999847412109375e+01
5.306999969482421875e+01
