1.357999992370605469e+01
2.217000007629394531e+01
2.605999946594238281e+01
2.753000068664550781e+01
3.118000030517578125e+01
3.663000106811523438e+01
3.790999984741210938e+01
4.018999862670898438e+01
3.845999908447265625e+01
4.038000106811523438e+01
4.174000167846679688e+01
4.320000076293945312e+01
4.247999954223632812e+01
3.952999877929687500e+01
4.311999893188476562e+01
4.552999877929687500e+01
4.549000167846679688e+01
4.450999832153320312e+01
4.450999832153320312e+01
4.077000045776367188e+01
4.358000183105468750e+01
4.454999923706054688e+01
4.397999954223632812e+01
4.488999938964843750e+01
4.552000045776367188e+01
4.495000076293945312e+01
4.441999816894531250e+01
4.688999938964843750e+01
4.779000091552734375e+01
4.452000045776367188e+01
4.518999862670898438e+01
4.616999816894531250e+01
4.577999877929687500e+01
4.609000015258789062e+01
4.658000183105468750e+01
4.638000106811523438e+01
4.747999954223632812e+01
4.427000045776367188e+01
4.509999847412109375e+01
4.540999984741210938e+01
4.702999877929687500e+01
4.702999877929687500e+01
4.684000015258789062e+01
4.520000076293945312e+01
4.675000000000000000e+01
4.700999832153320312e+01
4.743999862670898438e+01
4.747999954223632812e+01
4.727000045776367188e+01
4.559999847412109375e+01
