2.869000053405761719e+01
6.415000152587890625e+01
7.393000030517578125e+01
7.268000030517578125e+01
8.205000305175781250e+01
8.176999664306640625e+01
8.841999816894531250e+01
9.048999786376953125e+01
9.005999755859375000e+01
9.168000030517578125e+01
9.127999877929687500e+01
9.190000152587890625e+01
9.030999755859375000e+01
8.841000366210937500e+01
9.254000091552734375e+01
9.494000244140625000e+01
9.465000152587890625e+01
9.455000305175781250e+01
9.455000305175781250e+01
9.013999938964843750e+01
9.429000091552734375e+01
9.476999664306640625e+01
9.533999633789062500e+01
9.504000091552734375e+01
9.494999694824218750e+01
9.534999847412109375e+01
9.372000122070312500e+01
9.581999969482421875e+01
9.651999664306640625e+01
9.616999816894531250e+01
9.613999938964843750e+01
9.676999664306640625e+01
9.645999908447265625e+01
9.626000213623046875e+01
9.659999847412109375e+01
9.630999755859375000e+01
9.693000030517578125e+01
9.333999633789062500e+01
9.483999633789062500e+01
9.529000091552734375e+01
9.718000030517578125e+01
9.718000030517578125e+01
9.676999664306640625e+01
9.616000366210937500e+01
9.690000152587890625e+01
9.684999847412109375e+01
9.708999633789062500e+01
9.704000091552734375e+01
9.656999969482421875e+01
9.508999633789062500e+01
9.716999816894531250e+01
9.726000213623046875e+01
9.706999969482421875e+01
9.737000274658203125e+01
9.479000091552734375e+01
9.691000366210937500e+01
9.736000061035156250e+01
9.636000061035156250e+01
9.681999969482421875e+01
9.708999633789062500e+01
9.643000030517578125e+01
9.648000335693359375e+01
9.623999786376953125e+01
9.726000213623046875e+01
9.709999847412109375e+01
9.758000183105468750e+01
9.548999786376953125e+01
9.548999786376953125e+01
9.745999908447265625e+01
9.730999755859375000e+01
9.715000152587890625e+01
9.613999938964843750e+01
9.722000122070312500e+01
9.609999847412109375e+01
9.751000213623046875e+01
9.780999755859375000e+01
9.716000366210937500e+01
9.587000274658203125e+01
9.531999969482421875e+01
9.737000274658203125e+01
9.656999969482421875e+01
9.748999786376953125e+01
9.748999786376953125e+01
9.719999694824218750e+01
9.765000152587890625e+01
9.726999664306640625e+01
9.751999664306640625e+01
9.744000244140625000e+01
9.748999786376953125e+01
9.786000061035156250e+01
9.734999847412109375e+01
9.740000152587890625e+01
9.787000274658203125e+01
9.561000061035156250e+01
9.711000061035156250e+01
9.758999633789062500e+01
9.761000061035156250e+01
9.740000152587890625e+01
9.740000152587890625e+01
9.754000091552734375e+01
9.706999969482421875e+01
9.669999694824218750e+01
9.550000000000000000e+01
9.777999877929687500e+01
9.768000030517578125e+01
9.793000030517578125e+01
9.762000274658203125e+01
9.775000000000000000e+01
9.775000000000000000e+01
9.675000000000000000e+01
9.616000366210937500e+01
9.679000091552734375e+01
9.754000091552734375e+01
9.791000366210937500e+01
9.737999725341796875e+01
9.779000091552734375e+01
9.612000274658203125e+01
9.706999969482421875e+01
9.733000183105468750e+01
9.734999847412109375e+01
9.598999786376953125e+01
9.777999877929687500e+01
9.705000305175781250e+01
9.726000213623046875e+01
9.748000335693359375e+01
9.719999694824218750e+01
9.766999816894531250e+01
9.779000091552734375e+01
9.655000305175781250e+01
9.773000335693359375e+01
9.744000244140625000e+01
9.647000122070312500e+01
9.762000274658203125e+01
9.543000030517578125e+01
9.761000061035156250e+01
9.744999694824218750e+01
9.744999694824218750e+01
9.718000030517578125e+01
9.800000000000000000e+01
9.800000000000000000e+01
9.800000000000000000e+01
9.619000244140625000e+01
9.798000335693359375e+01
9.662999725341796875e+01
9.787999725341796875e+01
9.701999664306640625e+01
9.701999664306640625e+01
9.698999786376953125e+01
9.794999694824218750e+01
9.780000305175781250e+01
9.790000152587890625e+01
9.756999969482421875e+01
9.793000030517578125e+01
9.813999938964843750e+01
9.772000122070312500e+01
9.772000122070312500e+01
9.802999877929687500e+01
9.773000335693359375e+01
9.775000000000000000e+01
9.787999725341796875e+01
9.787999725341796875e+01
9.798999786376953125e+01
9.777999877929687500e+01
9.609999847412109375e+01
9.788999938964843750e+01
9.790000152587890625e+01
9.784999847412109375e+01
9.779000091552734375e+01
9.797000122070312500e+01
9.797000122070312500e+01
9.797000122070312500e+01
9.769999694824218750e+01
9.775000000000000000e+01
9.812000274658203125e+01
9.787999725341796875e+01
9.751000213623046875e+01
9.762000274658203125e+01
9.793000030517578125e+01
9.811000061035156250e+01
9.811000061035156250e+01
9.798999786376953125e+01
9.776000213623046875e+01
9.775000000000000000e+01
9.772000122070312500e+01
9.769000244140625000e+01
9.826000213623046875e+01
9.826000213623046875e+01
9.777999877929687500e+01
9.713999938964843750e+01
9.805999755859375000e+01
9.801999664306640625e+01
9.766999816894531250e+01
9.776000213623046875e+01
9.731999969482421875e+01
9.762999725341796875e+01
9.802999877929687500e+01
9.780000305175781250e+01
9.809999847412109375e+01
9.805999755859375000e+01
9.775000000000000000e+01
