8.920000076293945312e+00
3.333000183105468750e+01
4.475999832153320312e+01
6.938999938964843750e+01
8.588999938964843750e+01
8.822000122070312500e+01
8.552999877929687500e+01
8.952999877929687500e+01
8.994999694824218750e+01
9.293000030517578125e+01
9.383999633789062500e+01
9.377999877929687500e+01
9.190000152587890625e+01
9.337999725341796875e+01
9.475000000000000000e+01
9.530999755859375000e+01
9.480000305175781250e+01
9.473999786376953125e+01
9.468000030517578125e+01
9.390000152587890625e+01
9.519000244140625000e+01
9.541000366210937500e+01
9.577999877929687500e+01
9.573000335693359375e+01
9.537000274658203125e+01
9.554000091552734375e+01
9.565000152587890625e+01
9.577999877929687500e+01
9.523000335693359375e+01
9.604000091552734375e+01
9.590000152587890625e+01
9.651999664306640625e+01
9.654000091552734375e+01
9.640000152587890625e+01
9.655999755859375000e+01
9.680000305175781250e+01
9.719999694824218750e+01
9.676999664306640625e+01
9.695999908447265625e+01
9.669000244140625000e+01
9.658000183105468750e+01
9.683000183105468750e+01
9.694999694824218750e+01
9.683999633789062500e+01
9.666000366210937500e+01
9.705000305175781250e+01
9.679000091552734375e+01
9.705999755859375000e+01
9.697000122070312500e+01
9.727999877929687500e+01
