2.299481698274612462e+00
2.239542138457298215e+00
2.048137854099273625e+00
1.888991677761077792e+00
1.874958111286163298e+00
1.778411171197891383e+00
1.666131085395813116e+00
1.531909399429957075e+00
1.441662505865096922e+00
1.428848190665244822e+00
1.247230812489986462e+00
1.184499648153781948e+00
1.177515566885471099e+00
1.038496984601021023e+00
9.835603910610080103e-01
8.667375662277141402e-01
6.214292882184188072e-01
6.288322582943365324e-01
6.288322582943365324e-01
7.640686904489993880e-01
8.028566318452357020e-01
4.290314185172319217e-01
8.590653928890823465e-01
8.382457845434546639e-01
7.055483767949044527e-01
4.450451881382614383e-01
7.755154483094810480e-01
5.904797926563768451e-01
5.832141442954806854e-01
4.562704389467835964e-01
4.398199681341648515e-01
4.513260515878210200e-01
5.567177371084688353e-01
5.139857456584771001e-01
3.548311909716576618e-01
4.832575138742103427e-01
4.569041299978853221e-01
1.611961237322539209e-01
2.093744353586807494e-01
2.205513237323611930e-01
6.263507798012967198e-01
6.263507798012967198e-01
1.044427851731888901e-01
5.686278972830622891e-01
6.294505612412467643e-01
2.276647482489546348e-01
3.486019809874240094e-01
3.877321330693861423e-01
3.685554233412258740e-01
1.131674051824957256e-01
