6.564140409231186135e-01
6.311777928052041409e-01
5.593006442573429382e-01
3.392385986983961210e-01
2.113520821975978237e-01
2.252137042850361759e-01
1.903245869133012580e-01
1.586414827053362897e-01
1.734599227866286952e-01
1.541946243442071651e-01
1.464503311857907886e-01
1.456059506746275045e-01
1.170460746146403247e-01
1.357000577346519909e-01
1.197630163008630705e-01
1.196438778750494591e-01
1.113535026806514311e-01
1.098454594077303420e-01
1.037760167884222567e-01
1.145264468665780633e-01
1.039258740389513019e-01
1.096118042273315218e-01
9.001721713660049140e-02
1.133599220034075955e-01
8.268605663157758967e-02
8.505896948239428934e-02
9.062115910509066508e-02
8.507104578215639312e-02
9.958525908762372314e-02
8.118839271723304885e-02
9.194834176123560521e-02
8.521985013953815857e-02
9.619527518456597037e-02
9.614359771376633501e-02
8.627942302488994519e-02
8.198631174180012748e-02
9.095644903638121226e-02
7.100137499257065665e-02
7.465300370858467260e-02
6.253718472861932720e-02
7.040722880330116396e-02
7.111080222259372197e-02
7.227717464129261582e-02
7.165367463834286521e-02
6.262556538337819834e-02
7.183977063417541775e-02
6.985586239132314523e-02
5.935236616512262753e-02
6.995335517569618855e-02
6.443305353084083364e-02
