2.294603626251220607e+00
2.265464314460754469e+00
2.059075448226928895e+00
1.978656789461771481e+00
1.894862311601638982e+00
1.811329000132424483e+00
1.781023923933505948e+00
1.592301919460296755e+00
1.652164896885554013e+00
1.523261401335398446e+00
1.465855978071689769e+00
1.523301950375238967e+00
1.358048048734664892e+00
1.417547570586204619e+00
1.257335225462913542e+00
9.273127725985315095e-01
1.224701015571753260e+00
1.227559502192905994e+00
1.185870224306980747e+00
1.201142800664901866e+00
8.308177844621240649e-01
6.231137406468391093e-01
1.041927832186221980e+00
1.054487380993366141e+00
1.075500455220540275e+00
9.422907260298730714e-01
9.569725549859658953e-01
9.706443901807069174e-01
9.890101905465126242e-01
1.099822973519563707e+00
1.037856128245592258e+00
9.964895095936954217e-01
8.325655598970396198e-01
4.469540198072791126e-01
1.018546122122141906e+00
8.905475629951273842e-01
4.795560042122379296e-01
8.767858318133013862e-01
1.018550834129963834e+00
9.044512527585029105e-01
9.220249169460602578e-01
9.796016639679668847e-01
9.045706195788724147e-01
3.142388438607255363e-01
9.028832394080237300e-01
9.099967330727314341e-01
8.843807985718761255e-01
8.750187246128916518e-01
7.495701799194017800e-01
8.053304115962238718e-01
3.710824467136990545e-01
6.913375040915396008e-01
8.149543517024389061e-01
9.251447427161039183e-01
8.185063368130476302e-01
6.081516119456953362e-01
8.795386688083410842e-01
8.168191464713643324e-01
6.913535917706784550e-01
9.111685864627361298e-01
8.713402937091887512e-01
7.315841207907846089e-01
7.630944247407218661e-01
8.718529002023861496e-01
7.417247662022709020e-01
8.887857522186305426e-01
9.349240152835845974e-01
8.273106898855832059e-01
9.220120787812132734e-01
8.924027489036321370e-01
6.637299861367792486e-01
7.549340081575016681e-01
8.141810077421368641e-01
8.194351472109556722e-01
9.187729113226136279e-01
6.086592579926364266e-01
9.283354164987802637e-01
1.272941217604758590e-01
4.042202571425587698e-01
8.970217494836875138e-01
3.404395838867252944e-01
7.069528909424940277e-01
4.355858215555198920e-01
6.927155208006501308e-01
8.360076726887907261e-01
8.113269421011208571e-02
9.679976250516872938e-01
8.386174476062879801e-01
8.392535385936499281e-01
7.311320333878198463e-01
9.811975804567335535e-01
8.859979914606859186e-01
3.613796179558017019e-01
3.767021326587668417e-01
8.685784463286401191e-01
7.317022654049101238e-01
5.515443336069583147e-01
2.914669840496831449e-02
8.529433449283242430e-01
9.252106351912022797e-01
2.946218143478036011e-01
7.349620846025646248e-01
5.773441397283847198e-01
3.776789515248189510e-01
7.460831618845463753e-01
7.958264838730295665e-01
8.479797310717404057e-01
9.371762538850306745e-01
4.049842099257123795e-01
8.669566691853105578e-01
7.791039646029472854e-01
6.453768969730783178e-01
7.879164723753930843e-01
4.758821532808776289e-01
7.081342463498668804e-01
2.592333776364103004e-01
5.750275474345045712e-01
8.007132740084613731e-01
8.389775244385004882e-01
5.166070714881643156e-01
8.420109048581547739e-01
7.084141834266484139e-01
4.708005368353592179e-01
8.016797642245888644e-01
4.265374337381550029e-01
6.419811456475407185e-01
7.415276686334982825e-01
7.848582544486438772e-01
8.528642995825835849e-01
4.939921786926686487e-01
2.101400942883919765e-01
7.629890838914241691e-01
4.684396331023890081e-01
7.421424085732015730e-01
5.143740819380617779e-01
5.373561724618608482e-01
1.801183709557633850e-01
8.779127358893553668e-01
8.681386505806197862e-01
7.928361487723886158e-01
6.962616587602533658e-01
8.251211704090236632e-01
5.464000355936585729e-01
8.534991646651178820e-01
4.463924633209992998e-01
7.471021414428948848e-01
7.657385309293867071e-01
8.770955150946972978e-01
4.412102333940566279e-01
7.039744720131158040e-01
4.911912917320926941e-01
6.984408082164823561e-01
5.324151076832785989e-01
5.684079586766660475e-01
6.027660912421998196e-01
6.985597360233466446e-01
1.561337295183911900e-01
6.656211767807602708e-01
4.200914929967373146e-01
8.050505002625287787e-01
4.499001377075910746e-01
8.139041001846392120e-01
5.455895865328610483e-01
4.292587641160934830e-01
7.764175470732153084e-01
5.127360046717027720e-01
8.378176037172476720e-01
4.933776504332200163e-01
7.727625188343227869e-01
5.677024618033319481e-01
7.443295233547688738e-01
8.422944069728254268e-01
6.030209222622215925e-01
7.426918066516519090e-01
7.177588364079594552e-01
5.293338773003779529e-01
3.798190574059262525e-01
7.761375083333502678e-01
4.927070327627782742e-01
7.213348782598972830e-01
7.511104987803847166e-01
7.059678606173643844e-01
5.434403360486030898e-01
4.197531419983133172e-01
6.293864674020026584e-01
6.929140064024499335e-01
5.185925192567519826e-01
6.416878082485248935e-01
3.271924472736815748e-01
7.048259839331731946e-01
6.505848080807158373e-02
7.595191007405519557e-01
7.154322715359074936e-01
3.818782571925678493e-01
6.765003499034792922e-01
5.210326957590877273e-01
4.347396334214136127e-02
8.135937427841126723e-01
6.025814959774724588e-01
5.863233877846504294e-01
