2.292105011940002157e+00
2.192592079877853539e+00
2.050448951482772841e+00
1.834110542297363367e+00
1.862470709085464193e+00
1.711804027875264644e+00
1.644715492407480717e+00
1.571728828430175584e+00
1.480053149819374081e+00
1.456108821272850129e+00
1.392012092590332095e+00
1.245645508348941721e+00
1.234952535450458466e+00
1.138788914203643809e+00
1.057935013622045561e+00
9.091416962246099409e-01
7.412787220329045690e-01
7.001692654117942505e-01
7.001692654117942505e-01
9.280226867496967902e-01
8.067836809456347957e-01
5.108838460594415931e-01
9.450963963568210779e-01
9.048336370140315221e-01
7.999776111990213323e-01
5.345203906055540077e-01
7.887883692644537259e-01
5.734220658919463309e-01
5.885932658029986442e-01
4.629834145531057099e-01
4.387823242489247710e-01
4.743453323147259759e-01
5.723661111863330708e-01
5.174690423533320205e-01
3.589536955732230972e-01
4.388183406791649754e-01
4.819100046569947393e-01
1.702492031678557172e-01
2.287647121720947641e-01
2.169727418551919973e-01
5.947363705231497599e-01
5.947363705231497599e-01
1.013339446942942840e-01
5.981360407657921874e-01
6.451142617575824634e-01
2.449692409966761630e-01
3.318815220395103238e-01
3.829754079383176912e-01
3.550195252769626775e-01
1.212264973418787084e-01
4.796767191535327157e-01
2.167166545285727219e-01
3.630692964227248964e-01
3.128348376071081183e-01
4.015975823765621233e-01
3.987876463648862835e-01
2.662655862406828056e-01
3.200365845141932009e-01
4.978962551970034789e-01
3.357797560648371760e-01
1.786213945352937704e-01
1.682927857136819472e-01
2.792979548899457432e-01
4.758431349604701488e-01
3.552411878593265682e-01
5.507449983339756105e-01
1.517948341034352777e-01
1.517948341034352777e-01
3.760770630289334560e-01
2.350072396335502745e-01
3.896087207724340251e-01
2.878954542716964937e-01
1.421056130952201846e-01
4.466613130201584347e-01
2.537238132974132809e-01
3.495026794890873090e-01
1.189991641780361320e-01
1.662818092703819139e-01
4.689061688613146428e-01
3.889352810863638821e-01
2.747857643067836975e-01
2.249386379423861937e-01
2.249386379423861937e-01
1.743175726584158813e-01
2.592777102575637427e-01
3.172913155038841193e-01
4.657008745136360095e-01
1.430810233418209065e-01
2.148007371621206141e-01
1.776986078502377220e-01
5.744766767683905095e-02
1.740467600532574766e-01
3.665332262733330126e-01
2.870419004047289335e-01
2.055915061145399958e-01
3.453997124643065075e-01
2.109377043563872289e-01
1.406392565032001662e-01
1.406392565032001662e-01
2.193040020870976048e-01
4.164587946292012677e-01
4.688797484524547809e-01
2.777404830334707642e-01
3.179574064529733790e-01
2.678933564336038464e-01
2.654245333300593868e-01
8.737983909272589722e-02
1.827812566160224028e-01
5.097506522026378634e-02
2.360149002652615347e-01
2.774088568324223347e-01
3.001071079159155497e-01
1.038648671564878917e-01
1.778466223386639955e-01
1.735345235955901289e-01
8.594934311043470054e-02
8.844188569905234165e-02
2.681685433227006254e-01
8.463484772143420320e-02
1.005825603609555308e-01
2.908385855262167821e-02
3.030344152862672336e-01
2.692718078312463792e-01
1.912957869011442935e-01
6.774307528720238669e-02
1.040767453167936729e-01
1.078867474989965575e-01
1.873549366903025926e-01
2.913307108934969358e-01
2.151218735720031028e-01
2.598858691179193880e-01
5.483245453471317921e-02
1.322715237927040988e-01
2.972696906235069436e-01
1.106020312361069846e-01
1.519841478576418048e-01
1.519841478576418048e-01
1.631609195542987056e-01
7.194651883555343297e-02
7.194651883555343297e-02
7.194651883555343297e-02
8.083485768036915986e-02
1.788723181165551290e-01
9.218467588583008354e-02
1.913172657761257056e-01
4.968692386429756497e-02
4.968692386429756497e-02
7.625411358452402477e-02
1.766013030541750128e-01
9.437865789711941122e-02
8.796114246461365915e-02
9.898148943565319990e-02
1.534888737833826067e-01
6.596522133267716803e-02
1.190101944771789072e-01
7.384709747921443246e-02
2.133420668182273439e-01
1.417080791590269728e-01
7.897450651018880774e-02
1.408444867426684732e-01
1.408444867426684732e-01
1.612293818752514318e-01
2.013299990615342039e-01
8.403579991124569826e-02
8.938637612075545080e-02
1.604458455938729267e-01
6.968704429769423392e-02
1.237071697441861073e-01
9.660812472408482343e-02
1.470268063587136798e-01
1.470268063587136798e-01
1.804511141802649932e-01
1.643352160903741588e-01
1.419236690991674821e-01
2.673206176690291411e-02
4.770105763757601786e-02
1.075620474175084385e-01
9.354990676445111564e-02
8.617598717396615648e-02
8.617598717396615648e-02
7.099307788105214956e-02
4.737621604141896425e-02
8.254478708549867205e-02
1.018896658586454507e-01
7.355310982395896202e-02
5.756170596617739277e-02
5.756170596617739277e-02
5.986295913736103258e-02
6.937192802259233015e-03
7.925858474834968082e-02
6.310613017128587077e-02
5.613246310949034090e-02
7.905624231697584714e-02
4.152006456440721777e-02
4.176464723070238971e-02
1.446517188903453377e-01
3.163517261791275875e-02
1.084561295909128170e-01
8.014721253304743498e-02
2.591189532410741528e-02
