5.561708952437659503e-01
3.557831715044130760e-01
4.041259912096954454e-01
5.105185915747683101e-01
2.466363724633393595e-01
2.167792240379615154e-01
2.936419758159978799e-01
1.692791297201875211e-01
2.038354498261556735e-01
1.686689451388926064e-01
1.185214456168959818e-01
1.716076180821613228e-01
1.318719088177284504e-01
2.021279493198049615e-01
1.731690354898920980e-01
1.330436954580495046e-01
1.140241432769542596e-01
1.475070489340911117e-01
1.549207462264953483e-01
1.160789054477308485e-01
1.209047958551163621e-01
1.085159529000572914e-01
1.292731579728781111e-01
8.789123656473207813e-02
1.031963911679070894e-01
1.218139725392091977e-01
1.462937999916017751e-01
1.458073249052449782e-01
1.701517108878088380e-01
8.873760488075810304e-02
8.692525274532873769e-02
1.299711510075420018e-01
9.291470925891910648e-02
6.618495047237131501e-02
6.625327985285302257e-02
1.129060841316755076e-01
7.503650374602394146e-02
1.192617415848299112e-01
7.789092559558377649e-02
9.186782554212005736e-02
8.963825123257752880e-02
9.461487162017105657e-02
7.938083866389454568e-02
7.969593653552599355e-02
7.296776279904834683e-02
7.467656076735110227e-02
1.110353768521066403e-01
1.083219316474321181e-01
8.292596477987873582e-02
5.392668657597526199e-02
