9.823883034966207628e-01
7.526684605915517912e-01
4.483480989581079545e-01
3.700822781265141748e-01
3.279698336565778916e-01
2.507264667269730740e-01
2.191199400643043249e-01
2.251500503832121469e-01
1.956220879514793953e-01
2.029312654828095697e-01
1.685984943555628168e-01
1.820844628754581251e-01
1.504190150719714736e-01
1.944103788814344480e-01
1.404747901112444741e-01
1.414055138106938836e-01
1.563218412361410403e-01
1.266386477390823162e-01
1.111552548781597344e-01
1.319895626863238913e-01
1.380003057732869798e-01
1.300690247593664362e-01
1.231436889591476791e-01
1.106763134854274883e-01
1.134640745925151045e-01
1.190294818241018349e-01
1.148273843560304736e-01
1.114899874327075213e-01
7.907091044328898310e-02
1.163284302127736841e-01
1.121945293521457998e-01
9.654781314855988283e-02
9.770368090440079145e-02
1.262544155960106107e-01
9.445542221086813961e-02
1.134023261266585980e-01
1.087262510503139157e-01
9.121901217435569864e-02
9.840789874156762040e-02
1.085067912149790537e-01
1.125448314017101908e-01
8.742418102234712773e-02
8.132149881370746847e-02
1.017231005125799753e-01
9.330824225399744765e-02
1.028779558964475899e-01
8.258674630023907226e-02
1.079754271727935144e-01
9.512471745471948181e-02
8.487092671943249900e-02
7.638055923318354257e-02
7.351847584481165099e-02
7.315758613697080637e-02
7.800437808896079628e-02
7.838835937437181600e-02
7.646548613148297646e-02
8.019733174714155366e-02
7.667122740300989781e-02
7.766964057907015107e-02
7.878058463966844394e-02
8.081374777245695085e-02
7.448331926609719211e-02
7.922379192911360724e-02
6.660363498266883009e-02
7.631677721877841436e-02
7.959090847145426639e-02
7.830068407468773750e-02
6.897874992935874860e-02
7.186463088545522182e-02
7.701455684771214838e-02
7.570655230591535889e-02
6.042423159314521536e-02
6.694154966294615927e-02
6.517220633045336942e-02
7.197382420974050843e-02
6.784943354205927313e-02
6.700345757314164763e-02
6.183554152949808508e-02
6.108470126827455354e-02
6.429629364885279530e-02
6.206924281379180841e-02
8.053211940671946290e-02
6.177537888165805791e-02
5.612509656668816099e-02
6.445954275816589973e-02
5.745638502038391549e-02
8.227124578720990122e-02
6.630235046356540429e-02
6.072741372632708967e-02
7.362115660400640749e-02
6.285378710528531643e-02
6.690005718086956821e-02
5.621694069694229551e-02
6.711878520595690456e-02
7.407716660751703652e-02
6.273122322378163473e-02
7.404412511871322211e-02
5.754600824064401432e-02
6.319505507574274539e-02
6.998317086096254858e-02
6.922489872740111849e-02
5.761549202082331955e-02
7.056306242594659328e-02
7.869525200204324777e-02
7.570089734971220674e-02
6.285895162315721652e-02
5.818563564783892778e-02
6.293557600108304340e-02
6.067209811220125593e-02
5.495500083046708784e-02
5.359850978779766295e-02
7.073272631628239882e-02
5.522135718527478032e-02
5.449646157912895611e-02
6.619757045785554239e-02
5.269176864225040557e-02
5.965667336294214890e-02
6.050200743725022562e-02
6.123562720793866015e-02
5.161226550904605276e-02
6.189638180286443497e-02
5.352459041915411803e-02
6.413874080526825450e-02
5.761756478435338391e-02
5.580396558186183353e-02
5.894956686712504723e-02
6.202508711152432408e-02
5.232678735993451929e-02
7.543270453503608808e-02
6.118000403841850066e-02
4.728091348001155908e-02
4.795305265019154939e-02
6.567876370919868700e-02
5.572066052381961787e-02
5.674416204535757957e-02
5.654943265125976504e-02
5.191801880951229381e-02
5.613164150996663437e-02
5.525098821973706276e-02
6.214317457097365272e-02
5.789074443849386020e-02
6.256467319874617350e-02
6.071674771855528618e-02
6.329181930560989766e-02
4.859820534638020079e-02
6.498403324320571606e-02
4.160266628879576850e-02
5.553068186482115060e-02
6.115442570462012450e-02
4.535051156244328946e-02
5.780034079645304801e-02
6.982295121376407010e-02
5.699561936782876481e-02
4.938833505146033448e-02
5.123367545558694947e-02
4.617428426085344595e-02
5.380563232439232457e-02
5.587173248006378073e-02
5.280796520255602589e-02
5.015830172902173423e-02
4.668343443336723381e-02
5.433305341187314591e-02
4.310384968320050275e-02
5.562893043061546000e-02
5.908088005841428958e-02
5.333976925092651783e-02
4.935518436005639081e-02
5.565311339724951512e-02
5.047534070091783814e-02
4.686934120645064317e-02
5.640851574531381696e-02
4.686767273715604365e-02
4.561968531973414898e-02
4.643987915334478467e-02
5.259854808276077931e-02
5.777603021263692101e-02
5.219566872228231097e-02
6.116248894511718687e-02
5.157569608148798723e-02
4.769678385506500445e-02
5.007720090418617265e-02
5.134313959741266392e-02
5.222814512303997070e-02
5.282197270385904919e-02
6.141775877645350157e-02
5.724672506042453174e-02
5.386705007549204977e-02
4.624787652222471512e-02
4.855384922236047340e-02
4.767590713139478742e-02
5.296543342236663399e-02
5.242340186821716624e-02
5.455693565287449143e-02
5.844308069964814639e-02
4.985649904349794687e-02
5.373432848230579040e-02
4.247587409660891211e-02
5.131454375570616844e-02
4.692219138086377306e-02
5.805974927827087934e-02
