0
3.000000000000000000e+00
8.000000000000000000e+00
1.000000000000000000e+01
1.400000000000000000e+01
1.900000000000000000e+01
2.500000000000000000e+01
2.900000000000000000e+01
3.400000000000000000e+01
3.800000000000000000e+01
4.100000000000000000e+01
4.300000000000000000e+01
4.900000000000000000e+01
5.300000000000000000e+01
5.900000000000000000e+01
6.400000000000000000e+01
6.900000000000000000e+01
7.200000000000000000e+01
7.900000000000000000e+01
8.500000000000000000e+01
8.800000000000000000e+01
9.400000000000000000e+01
9.700000000000000000e+01
1.010000000000000000e+02
1.070000000000000000e+02
1.100000000000000000e+02
1.130000000000000000e+02
1.170000000000000000e+02
1.220000000000000000e+02
1.270000000000000000e+02
1.320000000000000000e+02
1.400000000000000000e+02
1.460000000000000000e+02
1.500000000000000000e+02
1.530000000000000000e+02
1.540000000000000000e+02
1.580000000000000000e+02
1.630000000000000000e+02
1.650000000000000000e+02
1.690000000000000000e+02
1.740000000000000000e+02
1.760000000000000000e+02
1.790000000000000000e+02
1.830000000000000000e+02
1.880000000000000000e+02
1.920000000000000000e+02
1.960000000000000000e+02
2.000000000000000000e+02
2.070000000000000000e+02
2.130000000000000000e+02
2.170000000000000000e+02
2.190000000000000000e+02
2.210000000000000000e+02
2.270000000000000000e+02
2.320000000000000000e+02
2.390000000000000000e+02
2.420000000000000000e+02
2.460000000000000000e+02
2.480000000000000000e+02
2.510000000000000000e+02
2.570000000000000000e+02
2.620000000000000000e+02
2.660000000000000000e+02
2.680000000000000000e+02
2.720000000000000000e+02
2.760000000000000000e+02
2.790000000000000000e+02
2.830000000000000000e+02
2.870000000000000000e+02
2.880000000000000000e+02
2.900000000000000000e+02
2.960000000000000000e+02
3.010000000000000000e+02
3.070000000000000000e+02
3.110000000000000000e+02
3.160000000000000000e+02
3.190000000000000000e+02
3.230000000000000000e+02
3.300000000000000000e+02
3.340000000000000000e+02
3.370000000000000000e+02
3.400000000000000000e+02
3.430000000000000000e+02
3.480000000000000000e+02
3.520000000000000000e+02
3.560000000000000000e+02
3.620000000000000000e+02
3.650000000000000000e+02
3.700000000000000000e+02
3.730000000000000000e+02
3.770000000000000000e+02
3.820000000000000000e+02
3.870000000000000000e+02
3.940000000000000000e+02
3.980000000000000000e+02
4.020000000000000000e+02
4.060000000000000000e+02
4.130000000000000000e+02
4.170000000000000000e+02
4.240000000000000000e+02
4.280000000000000000e+02
4.310000000000000000e+02
4.350000000000000000e+02
4.390000000000000000e+02
4.430000000000000000e+02
4.460000000000000000e+02
4.490000000000000000e+02
4.490000000000000000e+02
4.520000000000000000e+02
4.570000000000000000e+02
4.600000000000000000e+02
4.630000000000000000e+02
4.670000000000000000e+02
4.720000000000000000e+02
4.760000000000000000e+02
4.800000000000000000e+02
4.870000000000000000e+02
4.930000000000000000e+02
4.990000000000000000e+02
5.010000000000000000e+02
5.040000000000000000e+02
5.090000000000000000e+02
5.120000000000000000e+02
5.190000000000000000e+02
5.250000000000000000e+02
5.270000000000000000e+02
5.300000000000000000e+02
5.360000000000000000e+02
5.420000000000000000e+02
5.470000000000000000e+02
5.520000000000000000e+02
5.560000000000000000e+02
5.630000000000000000e+02
5.680000000000000000e+02
5.730000000000000000e+02
5.790000000000000000e+02
5.840000000000000000e+02
5.880000000000000000e+02
5.940000000000000000e+02
6.010000000000000000e+02
6.060000000000000000e+02
6.110000000000000000e+02
6.150000000000000000e+02
6.180000000000000000e+02
6.230000000000000000e+02
6.290000000000000000e+02
6.350000000000000000e+02
6.400000000000000000e+02
6.470000000000000000e+02
6.510000000000000000e+02
6.530000000000000000e+02
6.560000000000000000e+02
6.580000000000000000e+02
6.630000000000000000e+02
6.660000000000000000e+02
6.690000000000000000e+02
6.730000000000000000e+02
6.730000000000000000e+02
6.800000000000000000e+02
6.850000000000000000e+02
6.890000000000000000e+02
6.950000000000000000e+02
6.990000000000000000e+02
7.010000000000000000e+02
7.070000000000000000e+02
7.120000000000000000e+02
7.150000000000000000e+02
7.220000000000000000e+02
7.230000000000000000e+02
7.250000000000000000e+02
7.280000000000000000e+02
7.320000000000000000e+02
7.380000000000000000e+02
7.420000000000000000e+02
7.460000000000000000e+02
7.490000000000000000e+02
7.530000000000000000e+02
7.550000000000000000e+02
7.570000000000000000e+02
7.600000000000000000e+02
7.640000000000000000e+02
7.670000000000000000e+02
7.700000000000000000e+02
7.760000000000000000e+02
7.830000000000000000e+02
7.870000000000000000e+02
7.900000000000000000e+02
7.960000000000000000e+02
7.970000000000000000e+02
8.050000000000000000e+02
8.080000000000000000e+02
8.130000000000000000e+02
8.160000000000000000e+02
8.190000000000000000e+02
8.210000000000000000e+02
8.240000000000000000e+02
8.280000000000000000e+02
8.330000000000000000e+02
8.360000000000000000e+02
8.400000000000000000e+02
8.440000000000000000e+02
8.490000000000000000e+02
8.560000000000000000e+02
8.580000000000000000e+02
8.640000000000000000e+02
8.710000000000000000e+02
8.770000000000000000e+02
8.840000000000000000e+02
8.920000000000000000e+02
8.970000000000000000e+02
9.050000000000000000e+02
9.100000000000000000e+02
9.130000000000000000e+02
9.180000000000000000e+02
9.260000000000000000e+02
9.320000000000000000e+02
9.390000000000000000e+02
9.470000000000000000e+02
9.530000000000000000e+02
9.590000000000000000e+02
9.650000000000000000e+02
9.720000000000000000e+02
9.790000000000000000e+02
9.850000000000000000e+02
9.930000000000000000e+02
9.990000000000000000e+02
1.007000000000000000e+03
1.015000000000000000e+03
1.022000000000000000e+03
1.028000000000000000e+03
1.032000000000000000e+03
1.041000000000000000e+03
1.047000000000000000e+03
1.053000000000000000e+03
1.060000000000000000e+03
1.066000000000000000e+03
1.074000000000000000e+03
1.078000000000000000e+03
1.084000000000000000e+03
1.090000000000000000e+03
1.098000000000000000e+03
1.105000000000000000e+03
1.112000000000000000e+03
1.122000000000000000e+03
1.128000000000000000e+03
1.132000000000000000e+03
1.139000000000000000e+03
1.146000000000000000e+03
1.152000000000000000e+03
1.159000000000000000e+03
1.164000000000000000e+03
1.168000000000000000e+03
1.174000000000000000e+03
1.180000000000000000e+03
1.188000000000000000e+03
1.195000000000000000e+03
1.199000000000000000e+03
1.203000000000000000e+03
1.208000000000000000e+03
1.215000000000000000e+03
1.221000000000000000e+03
1.228000000000000000e+03
1.234000000000000000e+03
1.241000000000000000e+03
1.244000000000000000e+03
1.250000000000000000e+03
1.257000000000000000e+03
1.266000000000000000e+03
1.270000000000000000e+03
1.274000000000000000e+03
1.281000000000000000e+03
1.288000000000000000e+03
1.293000000000000000e+03
1.299000000000000000e+03
1.304000000000000000e+03
1.312000000000000000e+03
1.321000000000000000e+03
1.329000000000000000e+03
1.339000000000000000e+03
1.346000000000000000e+03
1.353000000000000000e+03
1.359000000000000000e+03
1.365000000000000000e+03
1.371000000000000000e+03
1.379000000000000000e+03
1.385000000000000000e+03
1.391000000000000000e+03
1.396000000000000000e+03
1.400000000000000000e+03
1.407000000000000000e+03
1.415000000000000000e+03
1.420000000000000000e+03
1.425000000000000000e+03
1.433000000000000000e+03
1.436000000000000000e+03
1.439000000000000000e+03
1.446000000000000000e+03
1.454000000000000000e+03
1.460000000000000000e+03
1.468000000000000000e+03
1.475000000000000000e+03
1.482000000000000000e+03
1.487000000000000000e+03
1.495000000000000000e+03
1.500000000000000000e+03
1.505000000000000000e+03
1.508000000000000000e+03
1.514000000000000000e+03
1.522000000000000000e+03
1.527000000000000000e+03
1.533000000000000000e+03
1.538000000000000000e+03
1.542000000000000000e+03
1.546000000000000000e+03
1.552000000000000000e+03
1.559000000000000000e+03
1.565000000000000000e+03
1.569000000000000000e+03
1.575000000000000000e+03
1.579000000000000000e+03
1.585000000000000000e+03
1.591000000000000000e+03
1.597000000000000000e+03
1.606000000000000000e+03
1.611000000000000000e+03
1.615000000000000000e+03
1.621000000000000000e+03
1.628000000000000000e+03
1.635000000000000000e+03
1.640000000000000000e+03
1.646000000000000000e+03
1.654000000000000000e+03
1.660000000000000000e+03
1.669000000000000000e+03
1.675000000000000000e+03
1.678000000000000000e+03
1.685000000000000000e+03
1.692000000000000000e+03
1.698000000000000000e+03
1.705000000000000000e+03
1.712000000000000000e+03
1.721000000000000000e+03
1.728000000000000000e+03
1.734000000000000000e+03
1.742000000000000000e+03
1.750000000000000000e+03
1.757000000000000000e+03
1.762000000000000000e+03
1.769000000000000000e+03
1.779000000000000000e+03
1.786000000000000000e+03
1.790000000000000000e+03
1.797000000000000000e+03
1.801000000000000000e+03
1.809000000000000000e+03
1.817000000000000000e+03
1.824000000000000000e+03
1.828000000000000000e+03
1.837000000000000000e+03
1.845000000000000000e+03
1.852000000000000000e+03
1.860000000000000000e+03
1.864000000000000000e+03
1.867000000000000000e+03
1.873000000000000000e+03
1.878000000000000000e+03
1.883000000000000000e+03
1.890000000000000000e+03
1.899000000000000000e+03
1.904000000000000000e+03
1.911000000000000000e+03
1.919000000000000000e+03
1.925000000000000000e+03
1.933000000000000000e+03
1.939000000000000000e+03
1.945000000000000000e+03
1.949000000000000000e+03
1.956000000000000000e+03
1.962000000000000000e+03
1.972000000000000000e+03
1.981000000000000000e+03
1.986000000000000000e+03
1.993000000000000000e+03
1.997000000000000000e+03
2.002000000000000000e+03
2.008000000000000000e+03
2.018000000000000000e+03
2.028000000000000000e+03
2.035000000000000000e+03
2.041000000000000000e+03
2.049000000000000000e+03
2.055000000000000000e+03
2.062000000000000000e+03
2.070000000000000000e+03
2.075000000000000000e+03
2.080000000000000000e+03
2.084000000000000000e+03
2.092000000000000000e+03
2.097000000000000000e+03
2.105000000000000000e+03
2.111000000000000000e+03
