4.000000000000000000e+00
5.000000000000000000e+00
8.000000000000000000e+00
1.000000000000000000e+01
1.500000000000000000e+01
1.800000000000000000e+01
2.000000000000000000e+01
2.000000000000000000e+01
2.100000000000000000e+01
2.300000000000000000e+01
2.700000000000000000e+01
3.000000000000000000e+01
3.000000000000000000e+01
3.000000000000000000e+01
3.300000000000000000e+01
3.800000000000000000e+01
4.000000000000000000e+01
4.200000000000000000e+01
4.500000000000000000e+01
4.700000000000000000e+01
4.800000000000000000e+01
4.900000000000000000e+01
5.100000000000000000e+01
5.200000000000000000e+01
5.500000000000000000e+01
5.800000000000000000e+01
5.900000000000000000e+01
6.300000000000000000e+01
6.700000000000000000e+01
6.900000000000000000e+01
7.000000000000000000e+01
7.200000000000000000e+01
7.600000000000000000e+01
7.900000000000000000e+01
8.000000000000000000e+01
8.200000000000000000e+01
8.700000000000000000e+01
8.900000000000000000e+01
9.100000000000000000e+01
9.300000000000000000e+01
9.500000000000000000e+01
9.800000000000000000e+01
1.000000000000000000e+02
1.010000000000000000e+02
1.020000000000000000e+02
1.040000000000000000e+02
1.070000000000000000e+02
1.090000000000000000e+02
1.130000000000000000e+02
1.140000000000000000e+02
1.170000000000000000e+02
1.200000000000000000e+02
1.240000000000000000e+02
1.270000000000000000e+02
1.300000000000000000e+02
1.350000000000000000e+02
1.390000000000000000e+02
1.430000000000000000e+02
1.480000000000000000e+02
1.520000000000000000e+02
1.550000000000000000e+02
1.600000000000000000e+02
1.630000000000000000e+02
1.640000000000000000e+02
1.670000000000000000e+02
1.710000000000000000e+02
1.740000000000000000e+02
1.770000000000000000e+02
1.780000000000000000e+02
1.830000000000000000e+02
1.840000000000000000e+02
1.860000000000000000e+02
1.900000000000000000e+02
1.920000000000000000e+02
1.930000000000000000e+02
1.960000000000000000e+02
1.970000000000000000e+02
1.980000000000000000e+02
2.010000000000000000e+02
2.060000000000000000e+02
2.090000000000000000e+02
2.110000000000000000e+02
2.160000000000000000e+02
2.180000000000000000e+02
2.210000000000000000e+02
2.230000000000000000e+02
2.260000000000000000e+02
2.290000000000000000e+02
2.300000000000000000e+02
2.330000000000000000e+02
2.350000000000000000e+02
2.370000000000000000e+02
2.410000000000000000e+02
2.460000000000000000e+02
2.520000000000000000e+02
2.540000000000000000e+02
2.580000000000000000e+02
2.620000000000000000e+02
2.650000000000000000e+02
2.670000000000000000e+02
2.670000000000000000e+02
2.690000000000000000e+02
2.730000000000000000e+02
2.760000000000000000e+02
2.770000000000000000e+02
2.800000000000000000e+02
2.840000000000000000e+02
2.860000000000000000e+02
2.860000000000000000e+02
2.890000000000000000e+02
2.910000000000000000e+02
2.960000000000000000e+02
2.970000000000000000e+02
2.980000000000000000e+02
3.010000000000000000e+02
3.020000000000000000e+02
3.050000000000000000e+02
3.090000000000000000e+02
3.110000000000000000e+02
3.150000000000000000e+02
3.180000000000000000e+02
3.210000000000000000e+02
3.260000000000000000e+02
3.300000000000000000e+02
3.320000000000000000e+02
3.350000000000000000e+02
3.390000000000000000e+02
3.420000000000000000e+02
3.440000000000000000e+02
3.440000000000000000e+02
3.460000000000000000e+02
3.490000000000000000e+02
3.500000000000000000e+02
3.520000000000000000e+02
3.550000000000000000e+02
3.590000000000000000e+02
3.620000000000000000e+02
3.630000000000000000e+02
3.680000000000000000e+02
3.710000000000000000e+02
3.740000000000000000e+02
3.780000000000000000e+02
3.780000000000000000e+02
3.800000000000000000e+02
3.830000000000000000e+02
3.860000000000000000e+02
3.900000000000000000e+02
3.910000000000000000e+02
3.930000000000000000e+02
3.950000000000000000e+02
4.000000000000000000e+02
4.020000000000000000e+02
4.030000000000000000e+02
4.050000000000000000e+02
4.070000000000000000e+02
4.090000000000000000e+02
4.110000000000000000e+02
4.130000000000000000e+02
4.160000000000000000e+02
4.180000000000000000e+02
4.180000000000000000e+02
4.210000000000000000e+02
4.240000000000000000e+02
4.250000000000000000e+02
4.280000000000000000e+02
4.310000000000000000e+02
4.350000000000000000e+02
4.370000000000000000e+02
4.390000000000000000e+02
4.390000000000000000e+02
4.420000000000000000e+02
4.430000000000000000e+02
4.470000000000000000e+02
4.490000000000000000e+02
4.520000000000000000e+02
4.540000000000000000e+02
4.600000000000000000e+02
4.630000000000000000e+02
4.660000000000000000e+02
4.660000000000000000e+02
4.690000000000000000e+02
4.720000000000000000e+02
4.760000000000000000e+02
4.780000000000000000e+02
4.790000000000000000e+02
4.830000000000000000e+02
4.860000000000000000e+02
4.890000000000000000e+02
4.900000000000000000e+02
4.930000000000000000e+02
4.970000000000000000e+02
4.970000000000000000e+02
5.000000000000000000e+02
5.010000000000000000e+02
5.030000000000000000e+02
5.060000000000000000e+02
5.100000000000000000e+02
5.110000000000000000e+02
5.150000000000000000e+02
5.150000000000000000e+02
5.200000000000000000e+02
5.250000000000000000e+02
5.270000000000000000e+02
5.290000000000000000e+02
5.310000000000000000e+02
5.360000000000000000e+02
5.390000000000000000e+02
5.410000000000000000e+02
5.460000000000000000e+02
5.480000000000000000e+02
5.500000000000000000e+02
5.520000000000000000e+02
5.550000000000000000e+02
5.600000000000000000e+02
5.610000000000000000e+02
5.640000000000000000e+02
5.660000000000000000e+02
5.690000000000000000e+02
5.700000000000000000e+02
5.730000000000000000e+02
5.780000000000000000e+02
5.800000000000000000e+02
5.820000000000000000e+02
5.870000000000000000e+02
5.900000000000000000e+02
5.920000000000000000e+02
5.960000000000000000e+02
5.990000000000000000e+02
6.010000000000000000e+02
6.040000000000000000e+02
6.070000000000000000e+02
6.080000000000000000e+02
6.110000000000000000e+02
6.150000000000000000e+02
6.150000000000000000e+02
6.190000000000000000e+02
6.200000000000000000e+02
6.200000000000000000e+02
6.230000000000000000e+02
6.250000000000000000e+02
6.280000000000000000e+02
6.310000000000000000e+02
6.310000000000000000e+02
6.340000000000000000e+02
6.350000000000000000e+02
6.370000000000000000e+02
6.390000000000000000e+02
6.410000000000000000e+02
6.440000000000000000e+02
6.480000000000000000e+02
6.510000000000000000e+02
6.540000000000000000e+02
6.560000000000000000e+02
6.570000000000000000e+02
6.580000000000000000e+02
6.620000000000000000e+02
6.650000000000000000e+02
6.690000000000000000e+02
6.740000000000000000e+02
6.760000000000000000e+02
6.770000000000000000e+02
6.810000000000000000e+02
6.850000000000000000e+02
6.900000000000000000e+02
6.920000000000000000e+02
6.940000000000000000e+02
6.960000000000000000e+02
7.000000000000000000e+02
7.010000000000000000e+02
7.040000000000000000e+02
7.080000000000000000e+02
7.110000000000000000e+02
7.140000000000000000e+02
7.140000000000000000e+02
7.160000000000000000e+02
7.180000000000000000e+02
7.210000000000000000e+02
7.270000000000000000e+02
7.280000000000000000e+02
7.330000000000000000e+02
7.340000000000000000e+02
7.370000000000000000e+02
7.400000000000000000e+02
7.440000000000000000e+02
7.470000000000000000e+02
7.510000000000000000e+02
7.540000000000000000e+02
7.570000000000000000e+02
7.570000000000000000e+02
7.580000000000000000e+02
7.600000000000000000e+02
7.610000000000000000e+02
7.640000000000000000e+02
7.680000000000000000e+02
7.690000000000000000e+02
7.720000000000000000e+02
7.750000000000000000e+02
7.780000000000000000e+02
7.800000000000000000e+02
7.840000000000000000e+02
7.860000000000000000e+02
7.870000000000000000e+02
7.900000000000000000e+02
7.940000000000000000e+02
7.960000000000000000e+02
7.980000000000000000e+02
8.010000000000000000e+02
8.040000000000000000e+02
8.060000000000000000e+02
8.080000000000000000e+02
8.090000000000000000e+02
8.130000000000000000e+02
8.130000000000000000e+02
8.160000000000000000e+02
8.220000000000000000e+02
8.250000000000000000e+02
8.260000000000000000e+02
8.290000000000000000e+02
8.310000000000000000e+02
8.350000000000000000e+02
8.400000000000000000e+02
8.410000000000000000e+02
8.430000000000000000e+02
8.470000000000000000e+02
8.510000000000000000e+02
8.530000000000000000e+02
8.560000000000000000e+02
8.590000000000000000e+02
8.620000000000000000e+02
8.650000000000000000e+02
8.670000000000000000e+02
8.720000000000000000e+02
8.740000000000000000e+02
8.790000000000000000e+02
8.800000000000000000e+02
8.830000000000000000e+02
8.860000000000000000e+02
8.900000000000000000e+02
8.920000000000000000e+02
8.970000000000000000e+02
9.000000000000000000e+02
9.020000000000000000e+02
9.040000000000000000e+02
9.040000000000000000e+02
9.080000000000000000e+02
9.110000000000000000e+02
9.120000000000000000e+02
9.120000000000000000e+02
9.150000000000000000e+02
9.160000000000000000e+02
9.200000000000000000e+02
9.220000000000000000e+02
9.260000000000000000e+02
9.290000000000000000e+02
9.310000000000000000e+02
9.350000000000000000e+02
9.380000000000000000e+02
9.410000000000000000e+02
9.430000000000000000e+02
9.470000000000000000e+02
9.480000000000000000e+02
9.490000000000000000e+02
9.510000000000000000e+02
9.540000000000000000e+02
9.570000000000000000e+02
9.590000000000000000e+02
9.640000000000000000e+02
9.650000000000000000e+02
9.680000000000000000e+02
9.730000000000000000e+02
9.750000000000000000e+02
9.760000000000000000e+02
9.810000000000000000e+02
9.840000000000000000e+02
9.870000000000000000e+02
9.890000000000000000e+02
9.900000000000000000e+02
9.920000000000000000e+02
9.950000000000000000e+02
9.970000000000000000e+02
1.000000000000000000e+03
1.005000000000000000e+03
1.006000000000000000e+03
1.006000000000000000e+03
1.008000000000000000e+03
1.009000000000000000e+03
1.012000000000000000e+03
1.013000000000000000e+03
1.015000000000000000e+03
1.017000000000000000e+03
1.022000000000000000e+03
1.024000000000000000e+03
1.026000000000000000e+03
1.028000000000000000e+03
1.029000000000000000e+03
1.032000000000000000e+03
1.036000000000000000e+03
1.038000000000000000e+03
1.040000000000000000e+03
1.044000000000000000e+03
