2.000000000000000000e+00
8.000000000000000000e+00
1.500000000000000000e+01
2.100000000000000000e+01
2.700000000000000000e+01
3.500000000000000000e+01
4.100000000000000000e+01
4.800000000000000000e+01
5.500000000000000000e+01
6.200000000000000000e+01
7.000000000000000000e+01
7.900000000000000000e+01
8.700000000000000000e+01
9.700000000000000000e+01
1.050000000000000000e+02
1.140000000000000000e+02
1.210000000000000000e+02
1.290000000000000000e+02
1.370000000000000000e+02
1.460000000000000000e+02
1.550000000000000000e+02
1.630000000000000000e+02
1.730000000000000000e+02
1.820000000000000000e+02
1.900000000000000000e+02
2.000000000000000000e+02
2.080000000000000000e+02
2.150000000000000000e+02
2.250000000000000000e+02
2.340000000000000000e+02
2.420000000000000000e+02
2.520000000000000000e+02
2.620000000000000000e+02
2.720000000000000000e+02
2.800000000000000000e+02
2.890000000000000000e+02
2.980000000000000000e+02
3.080000000000000000e+02
3.160000000000000000e+02
3.250000000000000000e+02
3.350000000000000000e+02
3.450000000000000000e+02
3.540000000000000000e+02
3.620000000000000000e+02
3.710000000000000000e+02
3.800000000000000000e+02
3.900000000000000000e+02
3.980000000000000000e+02
4.070000000000000000e+02
4.150000000000000000e+02
4.250000000000000000e+02
4.350000000000000000e+02
4.440000000000000000e+02
4.540000000000000000e+02
4.640000000000000000e+02
4.720000000000000000e+02
4.820000000000000000e+02
4.920000000000000000e+02
5.020000000000000000e+02
5.120000000000000000e+02
5.210000000000000000e+02
5.300000000000000000e+02
5.400000000000000000e+02
5.500000000000000000e+02
5.590000000000000000e+02
5.680000000000000000e+02
5.780000000000000000e+02
5.880000000000000000e+02
5.970000000000000000e+02
6.060000000000000000e+02
6.130000000000000000e+02
6.230000000000000000e+02
6.330000000000000000e+02
6.430000000000000000e+02
6.530000000000000000e+02
6.620000000000000000e+02
6.700000000000000000e+02
6.790000000000000000e+02
6.880000000000000000e+02
6.960000000000000000e+02
7.050000000000000000e+02
7.150000000000000000e+02
7.250000000000000000e+02
7.340000000000000000e+02
7.430000000000000000e+02
7.520000000000000000e+02
7.620000000000000000e+02
7.710000000000000000e+02
7.800000000000000000e+02
7.900000000000000000e+02
7.990000000000000000e+02
8.090000000000000000e+02
8.180000000000000000e+02
8.260000000000000000e+02
8.350000000000000000e+02
8.450000000000000000e+02
8.550000000000000000e+02
8.630000000000000000e+02
8.720000000000000000e+02
8.810000000000000000e+02
8.900000000000000000e+02
9.000000000000000000e+02
9.090000000000000000e+02
9.190000000000000000e+02
9.290000000000000000e+02
9.390000000000000000e+02
9.470000000000000000e+02
9.570000000000000000e+02
9.660000000000000000e+02
9.750000000000000000e+02
9.850000000000000000e+02
9.950000000000000000e+02
1.005000000000000000e+03
1.015000000000000000e+03
1.025000000000000000e+03
1.034000000000000000e+03
1.043000000000000000e+03
1.053000000000000000e+03
1.063000000000000000e+03
1.073000000000000000e+03
1.083000000000000000e+03
1.093000000000000000e+03
1.102000000000000000e+03
1.111000000000000000e+03
1.120000000000000000e+03
1.128000000000000000e+03
1.138000000000000000e+03
1.147000000000000000e+03
1.157000000000000000e+03
1.165000000000000000e+03
1.174000000000000000e+03
1.183000000000000000e+03
1.193000000000000000e+03
1.203000000000000000e+03
1.210000000000000000e+03
1.218000000000000000e+03
1.227000000000000000e+03
1.237000000000000000e+03
1.247000000000000000e+03
1.257000000000000000e+03
1.266000000000000000e+03
1.276000000000000000e+03
1.285000000000000000e+03
1.292000000000000000e+03
1.302000000000000000e+03
1.312000000000000000e+03
1.322000000000000000e+03
1.331000000000000000e+03
1.340000000000000000e+03
1.350000000000000000e+03
1.360000000000000000e+03
1.370000000000000000e+03
1.380000000000000000e+03
1.390000000000000000e+03
1.399000000000000000e+03
1.408000000000000000e+03
1.418000000000000000e+03
1.427000000000000000e+03
1.435000000000000000e+03
1.443000000000000000e+03
1.452000000000000000e+03
1.462000000000000000e+03
1.472000000000000000e+03
1.482000000000000000e+03
1.491000000000000000e+03
1.501000000000000000e+03
1.511000000000000000e+03
1.521000000000000000e+03
1.530000000000000000e+03
1.538000000000000000e+03
1.548000000000000000e+03
1.557000000000000000e+03
1.567000000000000000e+03
1.577000000000000000e+03
1.587000000000000000e+03
1.596000000000000000e+03
1.606000000000000000e+03
1.616000000000000000e+03
1.626000000000000000e+03
1.635000000000000000e+03
1.644000000000000000e+03
1.652000000000000000e+03
1.661000000000000000e+03
1.670000000000000000e+03
1.678000000000000000e+03
1.687000000000000000e+03
1.695000000000000000e+03
1.704000000000000000e+03
1.712000000000000000e+03
1.722000000000000000e+03
1.732000000000000000e+03
1.742000000000000000e+03
1.752000000000000000e+03
1.761000000000000000e+03
1.771000000000000000e+03
1.780000000000000000e+03
1.790000000000000000e+03
1.800000000000000000e+03
1.809000000000000000e+03
1.817000000000000000e+03
1.826000000000000000e+03
1.836000000000000000e+03
1.845000000000000000e+03
1.854000000000000000e+03
1.864000000000000000e+03
1.874000000000000000e+03
1.883000000000000000e+03
1.893000000000000000e+03
1.903000000000000000e+03
1.913000000000000000e+03
1.923000000000000000e+03
1.933000000000000000e+03
1.943000000000000000e+03
1.953000000000000000e+03
1.963000000000000000e+03
1.972000000000000000e+03
1.981000000000000000e+03
1.991000000000000000e+03
1.999000000000000000e+03
2.009000000000000000e+03
2.018000000000000000e+03
2.025000000000000000e+03
2.035000000000000000e+03
2.045000000000000000e+03
2.054000000000000000e+03
2.063000000000000000e+03
2.070000000000000000e+03
2.080000000000000000e+03
2.089000000000000000e+03
2.098000000000000000e+03
2.107000000000000000e+03
2.117000000000000000e+03
2.127000000000000000e+03
2.136000000000000000e+03
2.145000000000000000e+03
2.155000000000000000e+03
2.163000000000000000e+03
2.173000000000000000e+03
2.183000000000000000e+03
2.192000000000000000e+03
2.200000000000000000e+03
2.209000000000000000e+03
2.219000000000000000e+03
2.228000000000000000e+03
2.237000000000000000e+03
2.246000000000000000e+03
2.256000000000000000e+03
2.266000000000000000e+03
2.276000000000000000e+03
2.285000000000000000e+03
2.295000000000000000e+03
2.303000000000000000e+03
2.313000000000000000e+03
2.323000000000000000e+03
2.332000000000000000e+03
2.342000000000000000e+03
2.351000000000000000e+03
2.360000000000000000e+03
2.367000000000000000e+03
2.377000000000000000e+03
2.386000000000000000e+03
2.393000000000000000e+03
2.403000000000000000e+03
2.412000000000000000e+03
2.422000000000000000e+03
2.431000000000000000e+03
2.441000000000000000e+03
2.451000000000000000e+03
2.460000000000000000e+03
2.470000000000000000e+03
2.480000000000000000e+03
2.490000000000000000e+03
2.499000000000000000e+03
2.507000000000000000e+03
2.516000000000000000e+03
2.526000000000000000e+03
2.536000000000000000e+03
2.545000000000000000e+03
2.553000000000000000e+03
2.563000000000000000e+03
2.572000000000000000e+03
2.582000000000000000e+03
2.591000000000000000e+03
2.601000000000000000e+03
2.610000000000000000e+03
2.619000000000000000e+03
2.629000000000000000e+03
2.639000000000000000e+03
2.648000000000000000e+03
2.656000000000000000e+03
2.666000000000000000e+03
2.675000000000000000e+03
2.685000000000000000e+03
2.695000000000000000e+03
2.704000000000000000e+03
2.714000000000000000e+03
2.723000000000000000e+03
2.733000000000000000e+03
2.742000000000000000e+03
2.752000000000000000e+03
2.760000000000000000e+03
2.770000000000000000e+03
2.779000000000000000e+03
2.788000000000000000e+03
2.798000000000000000e+03
2.807000000000000000e+03
2.817000000000000000e+03
2.827000000000000000e+03
2.837000000000000000e+03
2.847000000000000000e+03
2.857000000000000000e+03
2.867000000000000000e+03
2.876000000000000000e+03
2.884000000000000000e+03
2.894000000000000000e+03
2.904000000000000000e+03
2.914000000000000000e+03
2.924000000000000000e+03
2.933000000000000000e+03
2.942000000000000000e+03
2.952000000000000000e+03
2.961000000000000000e+03
2.970000000000000000e+03
2.980000000000000000e+03
2.989000000000000000e+03
2.998000000000000000e+03
3.007000000000000000e+03
3.016000000000000000e+03
3.026000000000000000e+03
3.034000000000000000e+03
3.043000000000000000e+03
3.052000000000000000e+03
3.060000000000000000e+03
3.070000000000000000e+03
3.080000000000000000e+03
3.090000000000000000e+03
3.100000000000000000e+03
3.110000000000000000e+03
3.119000000000000000e+03
3.129000000000000000e+03
3.139000000000000000e+03
3.149000000000000000e+03
3.158000000000000000e+03
3.167000000000000000e+03
3.176000000000000000e+03
3.185000000000000000e+03
3.195000000000000000e+03
3.205000000000000000e+03
3.215000000000000000e+03
3.225000000000000000e+03
3.235000000000000000e+03
3.244000000000000000e+03
3.253000000000000000e+03
3.263000000000000000e+03
3.271000000000000000e+03
3.281000000000000000e+03
3.291000000000000000e+03
3.301000000000000000e+03
3.310000000000000000e+03
3.319000000000000000e+03
3.328000000000000000e+03
3.338000000000000000e+03
3.347000000000000000e+03
3.357000000000000000e+03
3.366000000000000000e+03
3.375000000000000000e+03
3.384000000000000000e+03
3.394000000000000000e+03
3.403000000000000000e+03
3.412000000000000000e+03
3.422000000000000000e+03
3.432000000000000000e+03
3.442000000000000000e+03
3.451000000000000000e+03
3.460000000000000000e+03
3.470000000000000000e+03
3.479000000000000000e+03
3.488000000000000000e+03
3.498000000000000000e+03
3.508000000000000000e+03
3.518000000000000000e+03
3.527000000000000000e+03
3.536000000000000000e+03
3.545000000000000000e+03
3.554000000000000000e+03
3.563000000000000000e+03
3.573000000000000000e+03
3.583000000000000000e+03
3.593000000000000000e+03
3.601000000000000000e+03
3.610000000000000000e+03
3.618000000000000000e+03
3.628000000000000000e+03
3.638000000000000000e+03
3.647000000000000000e+03
3.657000000000000000e+03
3.666000000000000000e+03
3.676000000000000000e+03
3.684000000000000000e+03
3.694000000000000000e+03
