3.000000000000000000e+00
8.000000000000000000e+00
1.000000000000000000e+01
1.400000000000000000e+01
1.900000000000000000e+01
2.500000000000000000e+01
2.900000000000000000e+01
3.400000000000000000e+01
3.800000000000000000e+01
4.100000000000000000e+01
4.300000000000000000e+01
4.900000000000000000e+01
5.300000000000000000e+01
5.900000000000000000e+01
6.400000000000000000e+01
6.900000000000000000e+01
7.200000000000000000e+01
7.900000000000000000e+01
8.500000000000000000e+01
8.800000000000000000e+01
9.400000000000000000e+01
9.700000000000000000e+01
1.010000000000000000e+02
1.070000000000000000e+02
1.100000000000000000e+02
1.130000000000000000e+02
1.170000000000000000e+02
1.220000000000000000e+02
1.270000000000000000e+02
1.320000000000000000e+02
1.400000000000000000e+02
1.460000000000000000e+02
1.500000000000000000e+02
1.530000000000000000e+02
1.540000000000000000e+02
1.580000000000000000e+02
1.630000000000000000e+02
1.650000000000000000e+02
1.690000000000000000e+02
1.740000000000000000e+02
1.760000000000000000e+02
1.790000000000000000e+02
1.830000000000000000e+02
1.880000000000000000e+02
1.920000000000000000e+02
1.960000000000000000e+02
2.000000000000000000e+02
2.070000000000000000e+02
2.130000000000000000e+02
2.170000000000000000e+02
2.190000000000000000e+02
2.210000000000000000e+02
2.270000000000000000e+02
2.320000000000000000e+02
2.390000000000000000e+02
2.420000000000000000e+02
2.460000000000000000e+02
2.480000000000000000e+02
2.510000000000000000e+02
2.570000000000000000e+02
2.620000000000000000e+02
2.660000000000000000e+02
2.680000000000000000e+02
2.720000000000000000e+02
2.760000000000000000e+02
2.790000000000000000e+02
2.830000000000000000e+02
2.870000000000000000e+02
2.880000000000000000e+02
2.900000000000000000e+02
2.960000000000000000e+02
3.010000000000000000e+02
3.070000000000000000e+02
3.110000000000000000e+02
3.160000000000000000e+02
3.190000000000000000e+02
3.230000000000000000e+02
3.300000000000000000e+02
3.340000000000000000e+02
3.370000000000000000e+02
3.400000000000000000e+02
3.430000000000000000e+02
3.480000000000000000e+02
3.520000000000000000e+02
3.560000000000000000e+02
3.620000000000000000e+02
3.650000000000000000e+02
3.700000000000000000e+02
3.730000000000000000e+02
3.770000000000000000e+02
3.820000000000000000e+02
3.870000000000000000e+02
3.940000000000000000e+02
3.980000000000000000e+02
4.020000000000000000e+02
4.060000000000000000e+02
4.130000000000000000e+02
4.170000000000000000e+02
4.240000000000000000e+02
4.280000000000000000e+02
4.310000000000000000e+02
4.350000000000000000e+02
4.390000000000000000e+02
4.430000000000000000e+02
4.460000000000000000e+02
4.490000000000000000e+02
4.490000000000000000e+02
4.520000000000000000e+02
4.570000000000000000e+02
4.600000000000000000e+02
4.630000000000000000e+02
4.670000000000000000e+02
4.720000000000000000e+02
4.760000000000000000e+02
4.800000000000000000e+02
4.870000000000000000e+02
4.930000000000000000e+02
4.990000000000000000e+02
5.010000000000000000e+02
5.040000000000000000e+02
5.090000000000000000e+02
5.120000000000000000e+02
5.190000000000000000e+02
5.250000000000000000e+02
5.270000000000000000e+02
5.300000000000000000e+02
5.360000000000000000e+02
5.420000000000000000e+02
5.470000000000000000e+02
5.520000000000000000e+02
5.560000000000000000e+02
5.630000000000000000e+02
5.680000000000000000e+02
5.730000000000000000e+02
5.790000000000000000e+02
5.840000000000000000e+02
5.880000000000000000e+02
5.940000000000000000e+02
6.010000000000000000e+02
6.060000000000000000e+02
6.110000000000000000e+02
6.150000000000000000e+02
6.180000000000000000e+02
6.230000000000000000e+02
6.290000000000000000e+02
6.350000000000000000e+02
6.400000000000000000e+02
6.470000000000000000e+02
6.510000000000000000e+02
6.530000000000000000e+02
6.560000000000000000e+02
6.580000000000000000e+02
6.630000000000000000e+02
6.660000000000000000e+02
6.690000000000000000e+02
6.730000000000000000e+02
6.730000000000000000e+02
6.800000000000000000e+02
6.850000000000000000e+02
6.890000000000000000e+02
6.950000000000000000e+02
6.990000000000000000e+02
7.010000000000000000e+02
7.070000000000000000e+02
7.120000000000000000e+02
7.150000000000000000e+02
7.220000000000000000e+02
7.230000000000000000e+02
7.250000000000000000e+02
7.280000000000000000e+02
7.320000000000000000e+02
7.380000000000000000e+02
7.420000000000000000e+02
7.460000000000000000e+02
7.490000000000000000e+02
7.530000000000000000e+02
7.550000000000000000e+02
7.570000000000000000e+02
7.600000000000000000e+02
7.640000000000000000e+02
7.670000000000000000e+02
7.700000000000000000e+02
7.760000000000000000e+02
7.830000000000000000e+02
7.870000000000000000e+02
7.900000000000000000e+02
7.960000000000000000e+02
7.970000000000000000e+02
8.050000000000000000e+02
8.080000000000000000e+02
8.130000000000000000e+02
8.160000000000000000e+02
8.190000000000000000e+02
8.210000000000000000e+02
8.240000000000000000e+02
8.280000000000000000e+02
8.330000000000000000e+02
8.360000000000000000e+02
8.400000000000000000e+02
8.440000000000000000e+02
8.450000000000000000e+02
8.490000000000000000e+02
8.530000000000000000e+02
8.580000000000000000e+02
8.620000000000000000e+02
8.660000000000000000e+02
8.690000000000000000e+02
8.750000000000000000e+02
8.790000000000000000e+02
8.850000000000000000e+02
8.880000000000000000e+02
8.940000000000000000e+02
8.990000000000000000e+02
9.040000000000000000e+02
9.080000000000000000e+02
9.090000000000000000e+02
9.120000000000000000e+02
9.200000000000000000e+02
9.220000000000000000e+02
9.250000000000000000e+02
9.290000000000000000e+02
9.350000000000000000e+02
9.370000000000000000e+02
9.430000000000000000e+02
9.490000000000000000e+02
9.530000000000000000e+02
9.560000000000000000e+02
9.590000000000000000e+02
9.630000000000000000e+02
9.670000000000000000e+02
9.710000000000000000e+02
9.740000000000000000e+02
9.790000000000000000e+02
9.850000000000000000e+02
9.940000000000000000e+02
9.990000000000000000e+02
1.005000000000000000e+03
1.012000000000000000e+03
1.017000000000000000e+03
1.022000000000000000e+03
1.025000000000000000e+03
1.030000000000000000e+03
1.031000000000000000e+03
1.034000000000000000e+03
1.038000000000000000e+03
1.041000000000000000e+03
1.044000000000000000e+03
1.047000000000000000e+03
1.050000000000000000e+03
1.053000000000000000e+03
1.056000000000000000e+03
1.059000000000000000e+03
1.063000000000000000e+03
1.065000000000000000e+03
1.069000000000000000e+03
1.074000000000000000e+03
1.080000000000000000e+03
1.086000000000000000e+03
1.092000000000000000e+03
1.098000000000000000e+03
1.101000000000000000e+03
1.109000000000000000e+03
1.114000000000000000e+03
1.118000000000000000e+03
1.121000000000000000e+03
1.127000000000000000e+03
1.132000000000000000e+03
1.136000000000000000e+03
1.142000000000000000e+03
1.144000000000000000e+03
1.150000000000000000e+03
1.156000000000000000e+03
1.161000000000000000e+03
1.165000000000000000e+03
1.166000000000000000e+03
1.173000000000000000e+03
1.180000000000000000e+03
1.183000000000000000e+03
1.187000000000000000e+03
1.193000000000000000e+03
1.200000000000000000e+03
1.205000000000000000e+03
1.208000000000000000e+03
1.212000000000000000e+03
1.218000000000000000e+03
1.222000000000000000e+03
1.223000000000000000e+03
1.226000000000000000e+03
1.229000000000000000e+03
1.234000000000000000e+03
1.237000000000000000e+03
1.241000000000000000e+03
1.246000000000000000e+03
1.250000000000000000e+03
1.255000000000000000e+03
1.258000000000000000e+03
1.265000000000000000e+03
1.272000000000000000e+03
1.277000000000000000e+03
1.283000000000000000e+03
1.288000000000000000e+03
1.294000000000000000e+03
1.300000000000000000e+03
1.303000000000000000e+03
1.308000000000000000e+03
1.311000000000000000e+03
1.313000000000000000e+03
1.318000000000000000e+03
1.323000000000000000e+03
1.324000000000000000e+03
1.330000000000000000e+03
1.336000000000000000e+03
1.339000000000000000e+03
1.343000000000000000e+03
1.347000000000000000e+03
1.354000000000000000e+03
1.358000000000000000e+03
1.365000000000000000e+03
1.371000000000000000e+03
1.375000000000000000e+03
1.377000000000000000e+03
1.383000000000000000e+03
1.386000000000000000e+03
1.390000000000000000e+03
1.393000000000000000e+03
1.396000000000000000e+03
1.403000000000000000e+03
1.404000000000000000e+03
1.408000000000000000e+03
1.412000000000000000e+03
1.416000000000000000e+03
1.420000000000000000e+03
1.423000000000000000e+03
1.427000000000000000e+03
1.432000000000000000e+03
1.435000000000000000e+03
1.442000000000000000e+03
1.449000000000000000e+03
1.456000000000000000e+03
1.461000000000000000e+03
1.463000000000000000e+03
1.467000000000000000e+03
1.472000000000000000e+03
1.476000000000000000e+03
1.482000000000000000e+03
1.488000000000000000e+03
1.490000000000000000e+03
1.493000000000000000e+03
1.498000000000000000e+03
1.502000000000000000e+03
1.506000000000000000e+03
1.511000000000000000e+03
1.515000000000000000e+03
1.519000000000000000e+03
1.526000000000000000e+03
1.530000000000000000e+03
1.533000000000000000e+03
1.536000000000000000e+03
1.541000000000000000e+03
1.546000000000000000e+03
1.550000000000000000e+03
1.553000000000000000e+03
1.556000000000000000e+03
1.561000000000000000e+03
1.567000000000000000e+03
1.572000000000000000e+03
1.573000000000000000e+03
1.575000000000000000e+03
1.580000000000000000e+03
1.585000000000000000e+03
1.589000000000000000e+03
1.593000000000000000e+03
1.596000000000000000e+03
1.600000000000000000e+03
1.602000000000000000e+03
1.608000000000000000e+03
1.612000000000000000e+03
1.616000000000000000e+03
1.620000000000000000e+03
1.625000000000000000e+03
1.629000000000000000e+03
1.632000000000000000e+03
1.638000000000000000e+03
1.647000000000000000e+03
1.652000000000000000e+03
1.656000000000000000e+03
1.659000000000000000e+03
1.664000000000000000e+03
1.668000000000000000e+03
1.676000000000000000e+03
1.681000000000000000e+03
1.685000000000000000e+03
1.690000000000000000e+03
1.695000000000000000e+03
1.700000000000000000e+03
1.707000000000000000e+03
1.711000000000000000e+03
1.718000000000000000e+03
1.722000000000000000e+03
1.727000000000000000e+03
