2.000000000000000000e+00
6.000000000000000000e+00
9.000000000000000000e+00
1.200000000000000000e+01
1.500000000000000000e+01
1.700000000000000000e+01
2.000000000000000000e+01
2.500000000000000000e+01
2.900000000000000000e+01
3.200000000000000000e+01
3.700000000000000000e+01
4.200000000000000000e+01
4.700000000000000000e+01
5.000000000000000000e+01
5.600000000000000000e+01
6.100000000000000000e+01
6.500000000000000000e+01
6.900000000000000000e+01
7.400000000000000000e+01
7.800000000000000000e+01
8.000000000000000000e+01
8.400000000000000000e+01
8.800000000000000000e+01
9.300000000000000000e+01
9.600000000000000000e+01
9.900000000000000000e+01
1.030000000000000000e+02
1.060000000000000000e+02
1.120000000000000000e+02
1.170000000000000000e+02
1.210000000000000000e+02
1.260000000000000000e+02
1.320000000000000000e+02
1.370000000000000000e+02
1.410000000000000000e+02
1.450000000000000000e+02
1.490000000000000000e+02
1.530000000000000000e+02
1.580000000000000000e+02
1.630000000000000000e+02
1.680000000000000000e+02
1.710000000000000000e+02
1.760000000000000000e+02
1.810000000000000000e+02
1.860000000000000000e+02
1.900000000000000000e+02
1.940000000000000000e+02
1.990000000000000000e+02
2.050000000000000000e+02
2.090000000000000000e+02
2.160000000000000000e+02
2.200000000000000000e+02
2.240000000000000000e+02
2.290000000000000000e+02
2.340000000000000000e+02
2.390000000000000000e+02
2.440000000000000000e+02
2.480000000000000000e+02
2.500000000000000000e+02
2.550000000000000000e+02
2.610000000000000000e+02
2.670000000000000000e+02
2.730000000000000000e+02
2.800000000000000000e+02
2.840000000000000000e+02
2.890000000000000000e+02
2.940000000000000000e+02
3.010000000000000000e+02
3.070000000000000000e+02
3.120000000000000000e+02
3.170000000000000000e+02
3.220000000000000000e+02
3.260000000000000000e+02
3.310000000000000000e+02
3.350000000000000000e+02
3.390000000000000000e+02
3.450000000000000000e+02
3.500000000000000000e+02
3.570000000000000000e+02
3.630000000000000000e+02
3.680000000000000000e+02
3.740000000000000000e+02
3.820000000000000000e+02
3.890000000000000000e+02
3.940000000000000000e+02
3.980000000000000000e+02
4.030000000000000000e+02
4.090000000000000000e+02
4.160000000000000000e+02
4.240000000000000000e+02
4.330000000000000000e+02
4.380000000000000000e+02
4.440000000000000000e+02
4.510000000000000000e+02
4.570000000000000000e+02
4.650000000000000000e+02
4.730000000000000000e+02
4.790000000000000000e+02
4.880000000000000000e+02
4.970000000000000000e+02
5.050000000000000000e+02
5.120000000000000000e+02
5.190000000000000000e+02
5.250000000000000000e+02
5.330000000000000000e+02
5.400000000000000000e+02
5.460000000000000000e+02
5.520000000000000000e+02
5.580000000000000000e+02
5.660000000000000000e+02
5.730000000000000000e+02
5.810000000000000000e+02
5.890000000000000000e+02
5.960000000000000000e+02
6.040000000000000000e+02
6.100000000000000000e+02
6.190000000000000000e+02
6.290000000000000000e+02
6.360000000000000000e+02
6.450000000000000000e+02
6.530000000000000000e+02
6.610000000000000000e+02
6.700000000000000000e+02
6.790000000000000000e+02
6.880000000000000000e+02
6.970000000000000000e+02
7.070000000000000000e+02
7.160000000000000000e+02
7.240000000000000000e+02
7.320000000000000000e+02
7.400000000000000000e+02
7.480000000000000000e+02
7.540000000000000000e+02
7.640000000000000000e+02
7.720000000000000000e+02
7.820000000000000000e+02
7.910000000000000000e+02
7.990000000000000000e+02
8.090000000000000000e+02
8.170000000000000000e+02
8.240000000000000000e+02
8.300000000000000000e+02
8.390000000000000000e+02
8.470000000000000000e+02
8.570000000000000000e+02
8.650000000000000000e+02
8.730000000000000000e+02
8.810000000000000000e+02
8.890000000000000000e+02
8.980000000000000000e+02
9.070000000000000000e+02
9.150000000000000000e+02
9.220000000000000000e+02
9.300000000000000000e+02
9.380000000000000000e+02
9.480000000000000000e+02
9.550000000000000000e+02
9.630000000000000000e+02
9.700000000000000000e+02
9.760000000000000000e+02
9.850000000000000000e+02
9.930000000000000000e+02
1.000000000000000000e+03
1.008000000000000000e+03
1.016000000000000000e+03
1.025000000000000000e+03
1.032000000000000000e+03
1.041000000000000000e+03
1.049000000000000000e+03
1.058000000000000000e+03
1.065000000000000000e+03
1.072000000000000000e+03
1.081000000000000000e+03
1.090000000000000000e+03
1.099000000000000000e+03
1.108000000000000000e+03
1.115000000000000000e+03
1.123000000000000000e+03
1.130000000000000000e+03
1.137000000000000000e+03
1.143000000000000000e+03
1.150000000000000000e+03
1.157000000000000000e+03
1.161000000000000000e+03
1.168000000000000000e+03
1.176000000000000000e+03
1.184000000000000000e+03
1.192000000000000000e+03
1.199000000000000000e+03
1.206000000000000000e+03
1.214000000000000000e+03
1.221000000000000000e+03
1.229000000000000000e+03
1.237000000000000000e+03
1.245000000000000000e+03
1.253000000000000000e+03
1.263000000000000000e+03
1.271000000000000000e+03
1.280000000000000000e+03
1.289000000000000000e+03
1.298000000000000000e+03
1.308000000000000000e+03
1.318000000000000000e+03
1.326000000000000000e+03
1.334000000000000000e+03
1.343000000000000000e+03
1.351000000000000000e+03
1.361000000000000000e+03
1.370000000000000000e+03
1.378000000000000000e+03
1.386000000000000000e+03
1.395000000000000000e+03
1.402000000000000000e+03
1.408000000000000000e+03
1.418000000000000000e+03
1.426000000000000000e+03
1.432000000000000000e+03
1.441000000000000000e+03
1.449000000000000000e+03
1.455000000000000000e+03
1.465000000000000000e+03
1.473000000000000000e+03
1.481000000000000000e+03
1.488000000000000000e+03
1.496000000000000000e+03
1.506000000000000000e+03
1.513000000000000000e+03
1.521000000000000000e+03
1.530000000000000000e+03
1.538000000000000000e+03
1.544000000000000000e+03
1.551000000000000000e+03
1.558000000000000000e+03
1.566000000000000000e+03
1.573000000000000000e+03
1.582000000000000000e+03
1.588000000000000000e+03
1.594000000000000000e+03
1.601000000000000000e+03
1.608000000000000000e+03
1.616000000000000000e+03
1.622000000000000000e+03
1.630000000000000000e+03
1.638000000000000000e+03
1.646000000000000000e+03
1.655000000000000000e+03
1.662000000000000000e+03
1.669000000000000000e+03
1.677000000000000000e+03
1.684000000000000000e+03
1.693000000000000000e+03
1.700000000000000000e+03
1.707000000000000000e+03
1.711000000000000000e+03
1.719000000000000000e+03
1.726000000000000000e+03
1.732000000000000000e+03
1.738000000000000000e+03
1.743000000000000000e+03
1.749000000000000000e+03
1.757000000000000000e+03
1.765000000000000000e+03
1.773000000000000000e+03
1.780000000000000000e+03
1.787000000000000000e+03
1.794000000000000000e+03
1.803000000000000000e+03
1.808000000000000000e+03
1.815000000000000000e+03
1.822000000000000000e+03
1.830000000000000000e+03
1.836000000000000000e+03
1.845000000000000000e+03
1.853000000000000000e+03
1.862000000000000000e+03
1.871000000000000000e+03
1.879000000000000000e+03
1.887000000000000000e+03
1.893000000000000000e+03
1.900000000000000000e+03
1.908000000000000000e+03
1.917000000000000000e+03
1.925000000000000000e+03
1.934000000000000000e+03
1.944000000000000000e+03
1.954000000000000000e+03
1.961000000000000000e+03
1.971000000000000000e+03
1.980000000000000000e+03
1.989000000000000000e+03
1.998000000000000000e+03
2.008000000000000000e+03
2.017000000000000000e+03
2.025000000000000000e+03
2.034000000000000000e+03
2.043000000000000000e+03
2.052000000000000000e+03
2.061000000000000000e+03
2.069000000000000000e+03
2.078000000000000000e+03
2.084000000000000000e+03
2.092000000000000000e+03
2.101000000000000000e+03
2.109000000000000000e+03
2.118000000000000000e+03
2.127000000000000000e+03
2.136000000000000000e+03
2.144000000000000000e+03
2.152000000000000000e+03
2.162000000000000000e+03
2.171000000000000000e+03
2.178000000000000000e+03
2.187000000000000000e+03
2.196000000000000000e+03
2.205000000000000000e+03
2.213000000000000000e+03
2.220000000000000000e+03
2.230000000000000000e+03
2.238000000000000000e+03
2.247000000000000000e+03
2.257000000000000000e+03
2.265000000000000000e+03
2.274000000000000000e+03
2.280000000000000000e+03
2.289000000000000000e+03
2.297000000000000000e+03
2.307000000000000000e+03
2.315000000000000000e+03
2.324000000000000000e+03
2.333000000000000000e+03
2.341000000000000000e+03
2.351000000000000000e+03
2.359000000000000000e+03
2.367000000000000000e+03
2.376000000000000000e+03
2.386000000000000000e+03
2.395000000000000000e+03
2.404000000000000000e+03
2.414000000000000000e+03
2.423000000000000000e+03
2.432000000000000000e+03
2.441000000000000000e+03
2.450000000000000000e+03
2.459000000000000000e+03
2.467000000000000000e+03
2.477000000000000000e+03
2.486000000000000000e+03
2.495000000000000000e+03
2.503000000000000000e+03
2.512000000000000000e+03
2.522000000000000000e+03
2.530000000000000000e+03
2.539000000000000000e+03
2.549000000000000000e+03
2.557000000000000000e+03
2.566000000000000000e+03
2.575000000000000000e+03
2.584000000000000000e+03
2.594000000000000000e+03
2.604000000000000000e+03
2.613000000000000000e+03
2.622000000000000000e+03
2.632000000000000000e+03
2.641000000000000000e+03
2.650000000000000000e+03
2.659000000000000000e+03
2.668000000000000000e+03
2.677000000000000000e+03
2.686000000000000000e+03
2.695000000000000000e+03
2.704000000000000000e+03
2.714000000000000000e+03
2.723000000000000000e+03
2.732000000000000000e+03
2.741000000000000000e+03
2.751000000000000000e+03
2.759000000000000000e+03
2.768000000000000000e+03
2.778000000000000000e+03
2.788000000000000000e+03
2.797000000000000000e+03
2.807000000000000000e+03
2.815000000000000000e+03
2.824000000000000000e+03
2.833000000000000000e+03
2.840000000000000000e+03
2.850000000000000000e+03
2.858000000000000000e+03
2.865000000000000000e+03
2.875000000000000000e+03
2.885000000000000000e+03
2.894000000000000000e+03
2.902000000000000000e+03
2.911000000000000000e+03
2.920000000000000000e+03
2.929000000000000000e+03
2.939000000000000000e+03
2.947000000000000000e+03
2.956000000000000000e+03
2.965000000000000000e+03
