0
2.000000000000000000e+00
8.000000000000000000e+00
1.500000000000000000e+01
2.100000000000000000e+01
2.700000000000000000e+01
3.500000000000000000e+01
4.100000000000000000e+01
4.800000000000000000e+01
5.500000000000000000e+01
6.200000000000000000e+01
7.000000000000000000e+01
7.900000000000000000e+01
8.700000000000000000e+01
9.700000000000000000e+01
1.050000000000000000e+02
1.140000000000000000e+02
1.210000000000000000e+02
1.290000000000000000e+02
1.370000000000000000e+02
1.460000000000000000e+02
1.550000000000000000e+02
1.630000000000000000e+02
1.730000000000000000e+02
1.820000000000000000e+02
1.900000000000000000e+02
2.000000000000000000e+02
2.080000000000000000e+02
2.150000000000000000e+02
2.250000000000000000e+02
2.340000000000000000e+02
2.420000000000000000e+02
2.520000000000000000e+02
2.620000000000000000e+02
2.720000000000000000e+02
2.800000000000000000e+02
2.890000000000000000e+02
2.980000000000000000e+02
3.080000000000000000e+02
3.160000000000000000e+02
3.250000000000000000e+02
3.350000000000000000e+02
3.450000000000000000e+02
3.540000000000000000e+02
3.620000000000000000e+02
3.710000000000000000e+02
3.800000000000000000e+02
3.900000000000000000e+02
3.980000000000000000e+02
4.070000000000000000e+02
4.150000000000000000e+02
4.250000000000000000e+02
4.350000000000000000e+02
4.440000000000000000e+02
4.540000000000000000e+02
4.640000000000000000e+02
4.720000000000000000e+02
4.820000000000000000e+02
4.920000000000000000e+02
5.020000000000000000e+02
5.120000000000000000e+02
5.210000000000000000e+02
5.300000000000000000e+02
5.400000000000000000e+02
5.500000000000000000e+02
5.590000000000000000e+02
5.680000000000000000e+02
5.780000000000000000e+02
5.880000000000000000e+02
5.970000000000000000e+02
6.060000000000000000e+02
6.130000000000000000e+02
6.230000000000000000e+02
6.330000000000000000e+02
6.430000000000000000e+02
6.530000000000000000e+02
6.620000000000000000e+02
6.700000000000000000e+02
6.790000000000000000e+02
6.880000000000000000e+02
6.960000000000000000e+02
7.050000000000000000e+02
7.150000000000000000e+02
7.250000000000000000e+02
7.340000000000000000e+02
7.430000000000000000e+02
7.520000000000000000e+02
7.620000000000000000e+02
7.710000000000000000e+02
7.800000000000000000e+02
7.900000000000000000e+02
7.990000000000000000e+02
8.090000000000000000e+02
8.180000000000000000e+02
8.260000000000000000e+02
8.350000000000000000e+02
8.450000000000000000e+02
8.550000000000000000e+02
8.630000000000000000e+02
8.720000000000000000e+02
8.810000000000000000e+02
8.900000000000000000e+02
9.000000000000000000e+02
9.090000000000000000e+02
9.190000000000000000e+02
9.290000000000000000e+02
9.390000000000000000e+02
9.470000000000000000e+02
9.570000000000000000e+02
9.660000000000000000e+02
9.750000000000000000e+02
9.850000000000000000e+02
9.950000000000000000e+02
1.005000000000000000e+03
1.015000000000000000e+03
1.025000000000000000e+03
1.034000000000000000e+03
1.043000000000000000e+03
1.053000000000000000e+03
1.063000000000000000e+03
1.073000000000000000e+03
1.083000000000000000e+03
1.093000000000000000e+03
1.102000000000000000e+03
1.111000000000000000e+03
1.120000000000000000e+03
1.128000000000000000e+03
1.138000000000000000e+03
1.147000000000000000e+03
1.157000000000000000e+03
1.165000000000000000e+03
1.174000000000000000e+03
1.183000000000000000e+03
1.193000000000000000e+03
1.203000000000000000e+03
1.210000000000000000e+03
1.218000000000000000e+03
1.227000000000000000e+03
1.237000000000000000e+03
1.247000000000000000e+03
1.257000000000000000e+03
1.266000000000000000e+03
1.276000000000000000e+03
1.285000000000000000e+03
1.292000000000000000e+03
1.302000000000000000e+03
1.312000000000000000e+03
1.322000000000000000e+03
1.331000000000000000e+03
1.340000000000000000e+03
1.350000000000000000e+03
1.360000000000000000e+03
1.370000000000000000e+03
1.380000000000000000e+03
1.390000000000000000e+03
1.399000000000000000e+03
1.408000000000000000e+03
1.418000000000000000e+03
1.427000000000000000e+03
1.435000000000000000e+03
1.443000000000000000e+03
1.452000000000000000e+03
1.462000000000000000e+03
1.472000000000000000e+03
1.482000000000000000e+03
1.491000000000000000e+03
1.501000000000000000e+03
1.511000000000000000e+03
1.521000000000000000e+03
1.530000000000000000e+03
1.538000000000000000e+03
1.548000000000000000e+03
1.557000000000000000e+03
1.567000000000000000e+03
1.577000000000000000e+03
1.587000000000000000e+03
1.596000000000000000e+03
1.606000000000000000e+03
1.616000000000000000e+03
1.626000000000000000e+03
1.635000000000000000e+03
1.644000000000000000e+03
1.652000000000000000e+03
1.661000000000000000e+03
1.670000000000000000e+03
1.678000000000000000e+03
1.687000000000000000e+03
1.695000000000000000e+03
1.704000000000000000e+03
1.712000000000000000e+03
1.722000000000000000e+03
1.732000000000000000e+03
1.742000000000000000e+03
1.752000000000000000e+03
1.761000000000000000e+03
1.771000000000000000e+03
1.780000000000000000e+03
1.790000000000000000e+03
1.800000000000000000e+03
1.809000000000000000e+03
1.817000000000000000e+03
1.820000000000000000e+03
1.821000000000000000e+03
1.824000000000000000e+03
1.825000000000000000e+03
1.826000000000000000e+03
1.829000000000000000e+03
1.831000000000000000e+03
1.833000000000000000e+03
1.836000000000000000e+03
1.838000000000000000e+03
1.840000000000000000e+03
1.841000000000000000e+03
1.842000000000000000e+03
1.844000000000000000e+03
1.846000000000000000e+03
1.849000000000000000e+03
1.852000000000000000e+03
1.854000000000000000e+03
1.857000000000000000e+03
1.858000000000000000e+03
1.861000000000000000e+03
1.863000000000000000e+03
1.865000000000000000e+03
1.866000000000000000e+03
1.868000000000000000e+03
1.871000000000000000e+03
1.874000000000000000e+03
1.877000000000000000e+03
1.879000000000000000e+03
1.882000000000000000e+03
1.884000000000000000e+03
1.886000000000000000e+03
1.890000000000000000e+03
1.893000000000000000e+03
1.896000000000000000e+03
1.898000000000000000e+03
1.900000000000000000e+03
1.903000000000000000e+03
1.907000000000000000e+03
1.912000000000000000e+03
1.913000000000000000e+03
1.916000000000000000e+03
1.919000000000000000e+03
1.922000000000000000e+03
1.925000000000000000e+03
1.929000000000000000e+03
1.932000000000000000e+03
1.936000000000000000e+03
1.939000000000000000e+03
1.943000000000000000e+03
1.946000000000000000e+03
1.947000000000000000e+03
1.951000000000000000e+03
1.957000000000000000e+03
1.963000000000000000e+03
1.967000000000000000e+03
1.972000000000000000e+03
1.978000000000000000e+03
1.982000000000000000e+03
1.986000000000000000e+03
1.991000000000000000e+03
1.996000000000000000e+03
2.001000000000000000e+03
2.006000000000000000e+03
2.011000000000000000e+03
2.016000000000000000e+03
2.020000000000000000e+03
2.024000000000000000e+03
2.030000000000000000e+03
2.035000000000000000e+03
2.040000000000000000e+03
2.046000000000000000e+03
2.051000000000000000e+03
2.057000000000000000e+03
2.059000000000000000e+03
2.067000000000000000e+03
2.070000000000000000e+03
2.075000000000000000e+03
2.079000000000000000e+03
2.084000000000000000e+03
2.089000000000000000e+03
2.095000000000000000e+03
2.101000000000000000e+03
2.105000000000000000e+03
2.113000000000000000e+03
2.120000000000000000e+03
2.127000000000000000e+03
2.134000000000000000e+03
2.140000000000000000e+03
2.147000000000000000e+03
2.153000000000000000e+03
2.160000000000000000e+03
2.167000000000000000e+03
2.173000000000000000e+03
2.180000000000000000e+03
2.186000000000000000e+03
2.193000000000000000e+03
2.200000000000000000e+03
2.208000000000000000e+03
2.216000000000000000e+03
2.224000000000000000e+03
2.230000000000000000e+03
2.238000000000000000e+03
2.245000000000000000e+03
2.252000000000000000e+03
2.260000000000000000e+03
2.266000000000000000e+03
2.272000000000000000e+03
2.282000000000000000e+03
2.288000000000000000e+03
2.297000000000000000e+03
2.305000000000000000e+03
2.312000000000000000e+03
2.320000000000000000e+03
2.326000000000000000e+03
2.332000000000000000e+03
2.339000000000000000e+03
2.345000000000000000e+03
2.354000000000000000e+03
2.363000000000000000e+03
2.371000000000000000e+03
2.380000000000000000e+03
2.389000000000000000e+03
2.396000000000000000e+03
2.405000000000000000e+03
2.413000000000000000e+03
2.420000000000000000e+03
2.427000000000000000e+03
2.433000000000000000e+03
2.441000000000000000e+03
2.448000000000000000e+03
2.458000000000000000e+03
2.466000000000000000e+03
2.472000000000000000e+03
2.480000000000000000e+03
2.488000000000000000e+03
2.495000000000000000e+03
2.502000000000000000e+03
2.510000000000000000e+03
2.516000000000000000e+03
2.523000000000000000e+03
2.531000000000000000e+03
2.539000000000000000e+03
2.547000000000000000e+03
2.555000000000000000e+03
2.564000000000000000e+03
2.572000000000000000e+03
2.579000000000000000e+03
2.586000000000000000e+03
2.593000000000000000e+03
2.599000000000000000e+03
2.609000000000000000e+03
2.616000000000000000e+03
2.622000000000000000e+03
2.629000000000000000e+03
2.636000000000000000e+03
2.644000000000000000e+03
2.651000000000000000e+03
2.660000000000000000e+03
2.667000000000000000e+03
2.675000000000000000e+03
2.683000000000000000e+03
2.690000000000000000e+03
2.698000000000000000e+03
2.703000000000000000e+03
2.711000000000000000e+03
2.719000000000000000e+03
2.728000000000000000e+03
2.735000000000000000e+03
2.744000000000000000e+03
2.753000000000000000e+03
2.760000000000000000e+03
2.766000000000000000e+03
2.773000000000000000e+03
2.781000000000000000e+03
2.790000000000000000e+03
2.797000000000000000e+03
2.806000000000000000e+03
2.814000000000000000e+03
2.822000000000000000e+03
2.830000000000000000e+03
2.838000000000000000e+03
2.844000000000000000e+03
2.852000000000000000e+03
2.859000000000000000e+03
2.866000000000000000e+03
2.874000000000000000e+03
2.884000000000000000e+03
2.891000000000000000e+03
2.898000000000000000e+03
2.904000000000000000e+03
2.910000000000000000e+03
2.917000000000000000e+03
2.925000000000000000e+03
2.932000000000000000e+03
2.941000000000000000e+03
2.951000000000000000e+03
2.958000000000000000e+03
2.966000000000000000e+03
2.974000000000000000e+03
