2.274000000000000021e+00
5.536000000000000476e+00
6.315000000000001279e+00
8.196000000000001506e+00
1.037000000000000277e+01
1.362500000000000355e+01
1.613900000000000290e+01
1.944000000000000128e+01
2.165299999999999869e+01
2.371299999999999741e+01
2.490999999999999659e+01
2.774899999999999523e+01
2.959199999999999520e+01
3.416999999999999460e+01
3.707900000000000063e+01
4.086500000000000199e+01
4.248599999999999710e+01
4.765100000000000335e+01
5.102200000000000557e+01
5.295200000000001239e+01
5.618700000000001182e+01
5.773600000000001842e+01
5.909700000000002262e+01
6.228300000000002257e+01
6.364700000000002689e+01
6.529400000000002535e+01
6.716500000000002046e+01
7.079500000000001592e+01
7.393000000000002103e+01
7.636700000000003286e+01
8.089700000000003399e+01
8.404900000000003502e+01
8.651700000000002433e+01
8.893400000000001171e+01
8.935800000000001830e+01
9.163200000000003342e+01
9.444200000000003570e+01
9.607400000000004070e+01
9.909000000000004604e+01
1.020180000000000433e+02
1.038110000000000355e+02
1.059170000000000442e+02
1.085850000000000364e+02
1.117750000000000341e+02
1.144200000000000301e+02
1.161480000000000388e+02
1.184240000000000492e+02
1.230540000000000447e+02
1.259470000000000454e+02
1.278430000000000319e+02
1.291300000000000523e+02
1.303240000000000691e+02
1.339670000000000698e+02
1.362170000000000698e+02
1.409740000000000748e+02
1.428020000000000778e+02
1.455510000000000730e+02
1.467110000000000696e+02
1.488060000000000684e+02
1.511310000000000571e+02
1.543260000000000502e+02
1.572960000000000491e+02
1.582910000000000537e+02
1.628140000000000782e+02
1.633260000000000787e+02
1.651350000000000762e+02
1.681270000000000948e+02
1.701090000000000941e+02
1.726400000000001000e+02
1.771400000000001285e+02
1.789610000000001264e+02
1.814660000000001219e+02
1.847330000000001178e+02
1.885090000000001282e+02
1.896390000000001237e+02
1.927950000000001296e+02
1.950920000000001266e+02
1.953590000000001226e+02
1.977690000000001191e+02
2.001030000000001223e+02
2.022950000000001296e+02
2.038190000000001305e+02
2.065590000000001112e+02
2.093370000000001312e+02
2.107210000000001457e+02
2.140050000000001660e+02
2.174860000000001889e+02
2.201370000000001994e+02
2.212560000000001992e+02
2.242260000000001980e+02
2.264440000000001874e+02
2.288350000000002069e+02
2.332250000000002217e+02
2.362500000000002274e+02
2.399640000000002260e+02
2.423250000000002444e+02
2.448200000000002490e+02
2.484620000000002733e+02
2.513480000000002974e+02
2.533340000000002874e+02
2.545120000000002847e+02
2.578800000000002797e+02
2.617440000000001987e+02
2.649500000000001592e+02
2.670410000000002242e+02
2.678890000000001805e+02
2.707320000000001414e+02
2.727930000000001769e+02
2.747000000000001592e+02
2.793920000000001096e+02
2.834910000000000991e+02
2.876500000000000909e+02
2.889810000000000514e+02
2.897510000000000332e+02
2.928900000000000432e+02
2.946999999999999886e+02
2.967349999999999568e+02
2.978009999999999309e+02
2.998259999999999081e+02
3.024679999999999040e+02
3.048429999999999040e+02
3.086229999999998768e+02
3.102869999999998640e+02
3.124029999999999063e+02
3.142059999999999036e+02
3.176399999999999295e+02
3.192179999999999040e+02
3.223229999999998654e+02
3.246589999999998781e+02
3.281819999999997890e+02
3.314159999999997694e+02
3.333829999999997540e+02
3.347199999999997431e+02
3.387329999999997199e+02
3.410099999999997067e+02
3.444559999999997331e+02
3.461229999999997062e+02
3.487739999999996598e+02
3.516429999999996312e+02
3.561929999999996426e+02
3.574499999999996476e+02
3.593799999999996544e+02
3.630719999999996617e+02
3.644949999999996635e+02
3.658839999999996735e+02
3.668889999999996689e+02
3.682929999999996653e+02
3.695759999999996239e+02
3.732659999999996217e+02
3.755639999999996235e+02
3.782489999999996257e+02
3.810279999999996221e+02
3.829979999999995925e+02
3.848649999999995543e+02
3.885789999999995530e+02
3.918599999999995589e+02
3.941819999999995048e+02
3.954459999999995148e+02
3.963019999999995093e+02
4.012099999999995248e+02
4.037999999999994998e+02
4.057959999999994807e+02
4.076089999999994689e+02
4.097649999999994748e+02
4.117949999999994475e+02
4.167129999999993970e+02
4.192469999999993888e+02
4.217849999999993997e+02
4.220519999999993956e+02
4.247989999999993529e+02
4.253109999999993533e+02
4.274989999999993984e+02
4.304449999999993679e+02
4.318569999999993456e+02
4.364869999999993411e+02
4.377439999999993461e+02
4.402809999999993238e+02
4.436769999999992820e+02
4.470279999999992810e+02
4.500359999999992624e+02
4.511059999999992556e+02
4.524919999999992228e+02
4.539969999999992183e+02
4.556609999999992056e+02
4.582019999999992024e+02
4.617199999999991178e+02
4.646539999999990869e+02
4.668229999999990696e+02
4.680199999999990723e+02
4.697629999999991242e+02
4.728489999999990800e+02
4.751239999999990573e+02
4.775169999999990296e+02
4.815629999999989650e+02
4.830429999999989832e+02
4.846139999999989527e+02
4.864509999999989418e+02
4.888739999999989436e+02
4.906339999999988777e+02
4.921799999999988131e+02
4.935779999999988377e+02
4.942199999999988336e+02
4.979209999999988554e+02
4.990839999999988095e+02
5.020159999999987690e+02
5.037219999999987294e+02
5.070999999999987153e+02
5.081509999999987599e+02
5.118889999999987594e+02
5.148659999999988486e+02
5.172399999999988722e+02
5.196349999999989677e+02
5.217809999999989259e+02
5.250209999999989350e+02
5.281189999999988913e+02
5.308849999999988540e+02
5.326709999999989122e+02
5.358629999999988058e+02
5.378569999999987203e+02
5.392929999999987558e+02
5.400439999999987322e+02
5.437699999999987313e+02
5.446219999999987067e+02
5.471179999999988013e+02
5.489399999999986903e+02
5.508509999999987485e+02
5.535509999999986803e+02
5.560479999999986376e+02
5.576699999999987085e+02
5.594729999999985921e+02
5.609979999999985694e+02
5.624809999999986303e+02
5.663639999999984411e+02
5.678439999999984593e+02
5.706309999999984939e+02
5.718469999999985021e+02
5.728989999999985230e+02
5.772989999999986139e+02
5.801739999999986139e+02
5.839299999999985857e+02
5.848659999999985075e+02
5.873479999999984784e+02
5.897929999999984148e+02
5.914639999999984639e+02
5.937209999999984120e+02
5.962069999999982883e+02
5.988909999999983711e+02
6.009369999999984202e+02
6.017889999999983957e+02
6.046049999999983129e+02
6.083889999999981910e+02
6.111869999999980791e+02
6.141949999999980037e+02
6.174489999999980228e+02
6.185639999999980319e+02
6.213089999999980364e+02
6.226729999999979555e+02
6.245839999999980137e+02
6.271809999999979937e+02
6.276089999999979909e+02
6.291559999999980164e+02
6.309159999999980073e+02
6.321519999999979973e+02
6.352199999999979809e+02
6.379019999999979973e+02
6.408499999999979764e+02
6.432619999999978972e+02
6.457999999999979082e+02
6.489749999999979764e+02
6.513569999999980382e+02
6.520919999999980519e+02
6.535139999999980773e+02
6.542929999999980737e+02
6.563359999999979664e+02
6.602549999999979491e+02
6.640309999999980164e+02
6.677309999999980619e+02
6.685009999999980437e+02
6.703929999999980964e+02
6.733699999999980719e+02
6.749679999999981419e+02
6.766469999999981155e+02
6.789209999999981164e+02
6.807569999999981292e+02
6.811209999999981619e+02
6.848709999999981619e+02
6.858109999999981028e+02
6.871749999999980218e+02
6.893029999999980646e+02
6.914159999999980073e+02
6.932099999999979900e+02
6.948379999999979191e+02
6.973199999999978900e+02
6.995949999999979809e+02
7.022549999999980628e+02
7.063009999999981119e+02
7.080849999999981037e+02
7.107539999999980864e+02
7.123579999999980146e+02
7.130929999999980282e+02
7.166109999999980573e+02
7.191969999999980701e+02
7.233749999999980673e+02
7.249179999999980737e+02
7.287899999999980309e+02
7.325039999999980864e+02
7.338409999999980755e+02
7.363179999999980510e+02
7.389629999999980328e+02
7.415549999999981310e+02
7.433539999999981092e+02
7.473049999999982447e+02
7.506989999999981364e+02
7.530279999999982010e+02
7.556699999999982538e+02
7.576839999999982638e+02
7.605999999999982037e+02
7.627939999999981637e+02
7.649899999999981901e+02
7.684119999999981019e+02
7.697459999999980482e+02
7.721599999999980355e+02
7.746489999999979545e+02
7.765349999999979218e+02
7.781609999999980118e+02
7.798249999999979991e+02
7.831579999999980828e+02
7.870909999999981892e+02
7.884219999999982065e+02
7.906549999999981537e+02
7.926029999999981328e+02
7.954189999999981637e+02
7.996719999999982065e+02
8.034539999999981319e+02
8.076549999999981537e+02
8.088139999999981455e+02
8.119929999999981192e+02
8.135139999999980773e+02
8.160569999999979700e+02
8.199369999999979655e+02
8.219959999999978209e+02
8.230579999999978327e+02
8.248719999999977972e+02
8.290529999999977235e+02
8.315869999999977153e+02
8.343139999999976908e+02
8.376329999999976508e+02
8.400349999999976944e+02
8.428149999999976671e+02
8.449719999999977063e+02
8.494599999999977626e+02
8.526399999999978263e+02
8.540289999999978363e+02
8.572329999999979009e+02
8.586019999999979291e+02
8.600809999999979709e+02
8.619529999999980419e+02
8.630529999999980646e+02
8.658659999999979391e+02
8.688639999999978727e+02
8.719979999999977736e+02
8.733619999999976926e+02
8.766969999999977290e+02
8.785469999999977517e+02
8.792989999999977044e+02
8.820039999999977454e+02
8.854849999999977399e+02
8.872449999999977308e+02
8.896699999999977990e+02
8.910099999999978309e+02
8.937719999999978882e+02
8.952289999999978818e+02
8.966999999999978854e+02
9.000509999999978845e+02
9.021569999999977654e+02
9.048349999999977626e+02
9.067039999999977908e+02
9.103499999999977490e+02
9.118919999999977790e+02
9.140219999999976608e+02
9.173109999999977617e+02
9.192629999999977599e+02
9.216869999999978518e+02
9.249729999999979100e+02
9.277979999999978418e+02
9.285279999999977463e+02
9.305889999999976681e+02
9.313589999999976499e+02
9.359629999999975780e+02
9.384969999999976835e+02
9.390909999999977344e+02
9.406939999999977999e+02
9.445769999999978381e+02
9.497549999999978354e+02
9.512549999999977217e+02
9.535889999999977817e+02
9.569539999999976772e+02
9.596059999999976071e+02
9.607059999999976299e+02
9.642509999999977026e+02
