1.307999999999999829e+00
1.678999999999999826e+00
3.044999999999999485e+00
3.601999999999999424e+00
6.279999999999999361e+00
7.567999999999999616e+00
8.589999999999999858e+00
8.589999999999999858e+00
9.018000000000000682e+00
9.840999999999999304e+00
1.178199999999999825e+01
1.346999999999999886e+01
1.346999999999999886e+01
1.346999999999999886e+01
1.482599999999999874e+01
1.708399999999999608e+01
1.799299999999999855e+01
1.911599999999999611e+01
2.010699999999999577e+01
2.138999999999999702e+01
2.181399999999999650e+01
2.272599999999999554e+01
2.350499999999999545e+01
2.403799999999999670e+01
2.561999999999999389e+01
2.723899999999999366e+01
2.823699999999999477e+01
2.993999999999999417e+01
3.192599999999999127e+01
3.296799999999999642e+01
3.380099999999999483e+01
3.485299999999999443e+01
3.627399999999999380e+01
3.800399999999999068e+01
3.833099999999998886e+01
3.914699999999999136e+01
4.190599999999999170e+01
4.270099999999999341e+01
4.358899999999999153e+01
4.455899999999999750e+01
4.594699999999999562e+01
4.757999999999999829e+01
4.825000000000000000e+01
4.862100000000000222e+01
4.958100000000000307e+01
5.096700000000000585e+01
5.295000000000000995e+01
5.370800000000001262e+01
5.557800000000001006e+01
5.600200000000000955e+01
5.814500000000001023e+01
6.036700000000001154e+01
6.248700000000000898e+01
6.360600000000000165e+01
6.534999999999999432e+01
6.764199999999999591e+01
6.990600000000000591e+01
7.197700000000000387e+01
7.491100000000001558e+01
7.669100000000001671e+01
7.781300000000001660e+01
8.060200000000001808e+01
8.191800000000002058e+01
8.218500000000001648e+01
8.515300000000003422e+01
8.645900000000004582e+01
8.709700000000003683e+01
8.911700000000003286e+01
9.020200000000004081e+01
9.186600000000004229e+01
9.360100000000002751e+01
9.402900000000002478e+01
9.557600000000002183e+01
9.803900000000001569e+01
1.001100000000000136e+02
1.027910000000000110e+02
1.044680000000000177e+02
1.063110000000000213e+02
1.065780000000000172e+02
1.081800000000000210e+02
1.090710000000000122e+02
1.110610000000000070e+02
1.119410000000000025e+02
1.125390000000000015e+02
1.132939999999999969e+02
1.157039999999999935e+02
1.166439999999999912e+02
1.176579999999999870e+02
1.188549999999999898e+02
1.215589999999999975e+02
1.241169999999999902e+02
1.253269999999999840e+02
1.261969999999999885e+02
1.281490000000000009e+02
1.298190000000000168e+02
1.321159999999999854e+02
1.332469999999999857e+02
1.348419999999999845e+02
1.369029999999999916e+02
1.377800000000000011e+02
1.384139999999999873e+02
1.401140000000000043e+02
1.411119999999999948e+02
1.422529999999999859e+02
1.436370000000000005e+02
1.449650000000000034e+02
1.465309999999999775e+02
1.469549999999999841e+02
1.479189999999999827e+02
1.515489999999999782e+02
1.533579999999999472e+02
1.544429999999999268e+02
1.554379999999999029e+02
1.575099999999998772e+02
1.598639999999998622e+02
1.623449999999998852e+02
1.651899999999998840e+02
1.668219999999998890e+02
1.672459999999998956e+02
1.679159999999999116e+02
1.694739999999999043e+02
1.702439999999999145e+02
1.715099999999999056e+02
1.727139999999999134e+02
1.744419999999998936e+02
1.755719999999998890e+02
1.771939999999998747e+02
1.795099999999998772e+02
1.811959999999998843e+02
1.822749999999998920e+02
1.829169999999998879e+02
1.843349999999998943e+02
1.843349999999998943e+02
1.852469999999999004e+02
1.858639999999998906e+02
1.870659999999998888e+02
1.880639999999999077e+02
1.885969999999998947e+02
1.900899999999998897e+02
1.900899999999998897e+02
1.908859999999998820e+02
1.916379999999998915e+02
1.945909999999998945e+02
1.955509999999999025e+02
1.963509999999999138e+02
1.994609999999999559e+02
2.014849999999999568e+02
2.026899999999999409e+02
2.056459999999999582e+02
2.073179999999999552e+02
2.083729999999999620e+02
2.104509999999999650e+02
2.118449999999999704e+02
2.131869999999999550e+02
2.164069999999999538e+02
2.181239999999999384e+02
2.195999999999999375e+02
2.228129999999999598e+02
2.231839999999999691e+02
2.236899999999999693e+02
2.249469999999999743e+02
2.274929999999999950e+02
2.280679999999999836e+02
2.288199999999999932e+02
2.308799999999999670e+02
2.315539999999999736e+02
2.344749999999999943e+02
2.364369999999999834e+02
2.380219999999999914e+02
2.389859999999999900e+02
2.413459999999999752e+02
2.431639999999999873e+02
2.450849999999999795e+02
2.468989999999999725e+02
2.501589999999999918e+02
2.516559999999999775e+02
2.528719999999999857e+02
2.537729999999999677e+02
2.546429999999999723e+02
2.561549999999999727e+02
2.574799999999999613e+02
2.595999999999999659e+02
2.613929999999999154e+02
2.626809999999999263e+02
2.642299999999999613e+02
2.671289999999999054e+02
2.682519999999998959e+02
2.689659999999998945e+02
2.702339999999998668e+02
2.709919999999998481e+02
2.722599999999998204e+02
2.728769999999998390e+02
2.746669999999998595e+02
2.767509999999998627e+02
2.787609999999998536e+02
2.816259999999998058e+02
2.829609999999997854e+02
2.840759999999997376e+02
2.848459999999997194e+02
2.852219999999996958e+02
2.868609999999996489e+02
2.868609999999996489e+02
2.882649999999996453e+02
2.890529999999995994e+02
2.905819999999995957e+02
2.944779999999995539e+02
2.956009999999995443e+02
2.973769999999995548e+02
2.990209999999995034e+02
2.993849999999994793e+02
2.993849999999994793e+02
2.993849999999994793e+02
3.011439999999994370e+02
3.027829999999994470e+02
3.046509999999994420e+02
3.063699999999994361e+02
3.088509999999994307e+02
3.093569999999994025e+02
3.109039999999993711e+02
3.112679999999993470e+02
3.130199999999992997e+02
3.151149999999992701e+02
3.155789999999992688e+02
3.166829999999992538e+02
3.181759999999992488e+02
3.206939999999992210e+02
3.229229999999992060e+02
3.238589999999991846e+02
3.252599999999991951e+02
3.263599999999992178e+02
3.281569999999992433e+02
3.295499999999992156e+02
3.309249999999992156e+02
3.324719999999992410e+02
3.324719999999992410e+02
3.340589999999992301e+02
3.359249999999992156e+02
3.378779999999991901e+02
3.389399999999992019e+02
3.414879999999992037e+02
3.430849999999991837e+02
3.444199999999992201e+02
3.453339999999992642e+02
3.468439999999992551e+02
3.490109999999992283e+02
3.490109999999992283e+02
3.503409999999992124e+02
3.514039999999992006e+02
3.531949999999992542e+02
3.534619999999992501e+02
3.555599999999992633e+02
3.563739999999992278e+02
3.569719999999992410e+02
3.585659999999992351e+02
3.590989999999992506e+02
3.605659999999992920e+02
3.626799999999992679e+02
3.639459999999992874e+02
3.643699999999992656e+02
3.657629999999992378e+02
3.668299999999992451e+02
3.680459999999992533e+02
3.689579999999992310e+02
3.697279999999992128e+02
3.721369999999992046e+02
3.732899999999991678e+02
3.744469999999992069e+02
3.771349999999991951e+02
3.783979999999991719e+02
3.805599999999992065e+02
3.824939999999991755e+02
3.832889999999991346e+02
3.842489999999991142e+02
3.863079999999990832e+02
3.891929999999990173e+02
3.899699999999990041e+02
3.918989999999989209e+02
3.926569999999989022e+02
3.926569999999989022e+02
3.949779999999988149e+02
3.975359999999988077e+02
3.996319999999988113e+02
4.012989999999987845e+02
4.012989999999987845e+02
4.041399999999987358e+02
4.068019999999987135e+02
4.084849999999987062e+02
4.088489999999986821e+02
4.096439999999986412e+02
4.109799999999985971e+02
4.135119999999986362e+02
4.148529999999986444e+02
4.164789999999986208e+02
4.180819999999986294e+02
4.191609999999986371e+02
4.212749999999986130e+02
4.225069999999986408e+02
4.233109999999986144e+02
4.249389999999985434e+02
4.257339999999985025e+02
4.277269999999984407e+02
4.292769999999983952e+02
4.307939999999983911e+02
4.337609999999983188e+02
4.343499999999983174e+02
4.367789999999983479e+02
4.379569999999982883e+02
4.395079999999982761e+02
4.402399999999982469e+02
4.425349999999982629e+02
4.434859999999982847e+02
4.455279999999982579e+02
4.467259999999982369e+02
4.477959999999982301e+02
4.488439999999982319e+02
4.499849999999981947e+02
4.513889999999981910e+02
4.524109999999981824e+02
4.542199999999981515e+02
4.547529999999981669e+02
4.573349999999981605e+02
4.578409999999981324e+02
4.597619999999981246e+02
4.604409999999980982e+02
4.608119999999980791e+02
4.620099999999980582e+02
4.638429999999980282e+02
4.650789999999980182e+02
4.667009999999979755e+02
4.680849999999979332e+02
4.694589999999979000e+02
4.707459999999978777e+02
4.725389999999978841e+02
4.734529999999979282e+02
4.749399999999978945e+02
4.751579999999979123e+02
4.775609999999978754e+02
4.799439999999978568e+02
4.812899999999978604e+02
4.829679999999978577e+02
4.829679999999978577e+02
4.852989999999978181e+02
4.874379999999977713e+02
4.891659999999977799e+02
4.908299999999977672e+02
4.917899999999977467e+02
4.933929999999977554e+02
4.937199999999977535e+02
4.944109999999977276e+02
4.950449999999977422e+02
4.966289999999977454e+02
4.979409999999977003e+02
4.999969999999976835e+02
5.017089999999976726e+02
5.020799999999976535e+02
5.023879999999976462e+02
5.036919999999976199e+02
5.053469999999975926e+02
5.053469999999975926e+02
5.053469999999975926e+02
5.069629999999975780e+02
5.089649999999975876e+02
5.093889999999975657e+02
5.108589999999975362e+02
5.125889999999975544e+02
5.146799999999975626e+02
5.163249999999975444e+02
5.174609999999975116e+02
5.187109999999975116e+02
5.213359999999975116e+02
5.228289999999975635e+02
5.235029999999975416e+02
5.245259999999975662e+02
5.258109999999975344e+02
5.282819999999975380e+02
5.309629999999975780e+02
5.322979999999976144e+02
5.334009999999975662e+02
5.336909999999975298e+02
5.343249999999975444e+02
5.358509999999974980e+02
5.389309999999974252e+02
5.389309999999974252e+02
5.408509999999973843e+02
5.429359999999974207e+02
5.453389999999974407e+02
5.457629999999974189e+02
5.463609999999973752e+02
5.481559999999973343e+02
5.484229999999973870e+02
5.484229999999973870e+02
5.503579999999974461e+02
5.503579999999974461e+02
5.503579999999974461e+02
5.522019999999974971e+02
5.534339999999974680e+02
5.546879999999974871e+02
5.551939999999974589e+02
5.567909999999974389e+02
5.576329999999974234e+02
