9.879999999999999893e-01
3.136000000000000121e+00
5.066000000000000725e+00
6.571000000000000618e+00
7.993000000000000327e+00
8.519000000000000128e+00
1.005000000000000071e+01
1.286000000000000298e+01
1.424800000000000466e+01
1.557900000000000595e+01
1.766500000000000625e+01
2.096400000000000574e+01
2.495000000000000284e+01
2.769400000000000261e+01
3.048700000000000543e+01
3.308800000000000097e+01
3.479000000000000625e+01
3.893100000000001160e+01
4.285400000000001342e+01
4.411300000000001376e+01
4.686000000000001364e+01
4.919900000000001228e+01
5.090100000000001756e+01
5.263100000000002154e+01
5.526600000000002666e+01
5.776700000000003143e+01
6.028700000000002746e+01
6.096600000000002950e+01
6.429900000000003502e+01
6.574800000000003308e+01
6.876600000000001955e+01
7.195300000000000296e+01
7.476299999999999102e+01
7.731099999999997863e+01
7.895199999999996976e+01
8.045699999999996521e+01
8.299199999999996180e+01
8.477599999999995362e+01
8.792899999999994520e+01
8.931699999999993622e+01
9.097499999999992326e+01
9.390899999999990655e+01
9.558399999999990371e+01
9.831999999999989370e+01
1.013199999999998795e+02
1.046189999999998719e+02
1.072109999999998564e+02
1.091849999999998460e+02
1.126649999999998215e+02
1.158519999999998049e+02
1.187769999999997879e+02
1.215209999999997734e+02
1.237589999999997730e+02
1.279909999999997439e+02
1.308349999999997806e+02
1.342529999999997870e+02
1.382229999999997858e+02
1.409479999999997801e+02
1.448829999999997824e+02
1.471969999999997754e+02
1.492459999999997535e+02
1.517909999999997694e+02
1.555429999999997790e+02
1.583559999999997956e+02
1.609729999999997858e+02
1.645709999999997990e+02
1.689399999999997988e+02
1.710619999999997844e+02
1.727219999999997810e+02
1.754029999999997642e+02
1.779729999999997574e+02
1.819909999999997581e+02
1.851979999999997233e+02
1.891829999999997085e+02
1.921739999999996940e+02
1.957009999999997092e+02
1.982769999999997026e+02
2.001389999999996974e+02
2.035449999999997033e+02
2.076689999999996985e+02
2.117709999999997024e+02
2.128559999999997103e+02
2.170639999999997087e+02
2.218889999999997258e+02
2.239529999999997187e+02
2.266819999999997037e+02
2.303919999999996833e+02
2.347839999999996792e+02
2.392009999999996808e+02
2.423319999999996810e+02
2.470519999999996799e+02
2.500499999999996703e+02
2.524359999999996660e+02
2.544779999999996676e+02
2.565159999999996785e+02
2.603059999999996990e+02
2.636809999999996421e+02
2.672419999999996207e+02
2.706759999999995898e+02
2.729219999999995707e+02
2.762529999999995880e+02
2.798249999999995907e+02
2.804489999999996144e+02
2.838829999999995835e+02
2.860539999999995757e+02
2.879819999999995161e+02
2.893179999999994720e+02
2.915249999999994657e+02
2.944469999999994343e+02
2.972379999999994311e+02
3.004049999999994043e+02
3.032509999999993511e+02
3.049879999999993174e+02
3.085559999999993011e+02
3.127479999999993083e+02
3.151659999999992579e+02
3.187079999999992310e+02
3.216919999999992115e+02
3.243729999999991946e+02
3.282389999999991232e+02
3.327249999999991132e+02
3.363409999999990418e+02
3.401319999999990387e+02
3.436369999999989773e+02
3.482249999999989427e+02
3.535629999999989082e+02
3.563939999999989254e+02
3.583769999999988727e+02
3.626189999999988345e+02
3.657299999999987676e+02
3.699959999999987303e+02
3.724869999999987158e+02
3.776649999999986562e+02
3.821249999999986358e+02
3.880849999999986153e+02
3.918529999999985876e+02
3.954249999999985903e+02
3.981599999999985471e+02
4.031009999999985212e+02
4.056489999999985230e+02
4.102139999999985207e+02
4.123839999999984798e+02
4.174609999999984780e+02
4.221249999999984652e+02
4.286909999999984393e+02
4.331709999999984007e+02
4.388889999999984184e+02
4.432219999999983884e+02
4.496469999999983429e+02
4.542849999999983766e+02
4.581089999999983888e+02
4.621559999999983575e+02
4.674169999999983816e+02
4.714679999999984261e+02
4.745989999999983979e+02
4.779489999999984207e+02
4.838609999999983984e+02
4.876039999999983934e+02
4.911569999999983906e+02
4.962589999999984229e+02
5.003179999999984489e+02
5.040899999999984402e+02
5.091899999999984630e+02
5.139089999999984002e+02
5.191099999999985357e+02
5.220979999999985921e+02
5.250649999999985766e+02
5.304099999999986039e+02
5.347409999999986212e+02
5.378839999999985366e+02
5.421819999999985384e+02
5.440739999999984775e+02
5.483379999999984875e+02
5.519859999999985121e+02
5.558769999999985885e+02
5.587949999999987085e+02
5.624699999999987767e+02
5.664059999999986985e+02
5.709219999999987749e+02
5.755119999999988067e+02
5.799039999999988595e+02
5.859659999999989850e+02
5.897239999999991369e+02
5.926329999999991287e+02
5.962759999999992715e+02
6.012299999999993361e+02
6.066989999999993870e+02
6.104039999999994279e+02
6.159229999999994334e+02
6.208749999999994316e+02
6.253759999999995216e+02
6.288629999999996016e+02
6.339069999999996980e+02
6.395059999999997444e+02
6.460329999999997881e+02
6.528189999999998463e+02
6.598789999999999054e+02
6.643029999999998836e+02
6.684849999999999000e+02
6.722819999999999254e+02
6.758009999999999309e+02
6.822780000000000200e+02
6.875810000000001310e+02
6.928520000000002028e+02
6.986250000000002274e+02
7.056220000000002983e+02
7.099450000000003911e+02
7.156850000000005139e+02
7.219680000000005293e+02
7.284460000000005948e+02
7.341270000000006348e+02
7.401060000000007904e+02
7.452710000000009813e+02
7.502090000000010832e+02
7.547740000000010241e+02
7.599710000000011405e+02
7.650950000000012778e+02
7.711160000000012360e+02
7.766740000000013424e+02
7.812030000000013388e+02
7.870820000000014716e+02
7.917840000000015834e+02
7.961300000000015871e+02
8.016250000000017053e+02
8.075390000000018063e+02
8.141850000000018781e+02
8.202860000000018772e+02
8.277220000000020264e+02
8.344370000000020582e+02
8.413330000000021300e+02
8.472500000000021600e+02
8.526510000000022274e+02
8.564980000000023210e+02
8.602640000000022837e+02
8.664550000000023147e+02
8.737480000000023210e+02
8.799550000000023147e+02
8.842220000000023674e+02
8.904910000000024866e+02
8.964960000000027094e+02
9.019880000000027849e+02
9.071920000000028494e+02
9.118820000000029040e+02
9.180380000000029668e+02
9.232540000000029750e+02
9.299960000000031641e+02
9.338900000000031696e+02
9.404200000000033697e+02
9.474620000000035134e+02
9.535790000000034752e+02
9.593650000000034197e+02
9.652830000000034261e+02
9.706230000000033442e+02
9.759620000000032860e+02
9.801070000000032678e+02
9.850140000000031932e+02
9.900240000000031841e+02
9.945230000000032078e+02
9.993140000000032614e+02
1.005576000000003319e+03
1.011003000000003340e+03
1.016171000000003460e+03
1.020107000000003609e+03
1.023779000000003634e+03
1.028043000000003531e+03
1.033018000000003667e+03
1.036901000000003705e+03
1.039822000000003754e+03
1.043494000000003780e+03
1.048186000000003787e+03
1.053565000000003920e+03
1.057903000000003885e+03
1.061759000000003880e+03
1.066038000000004104e+03
1.070967000000004191e+03
1.075808000000004313e+03
1.080312000000004446e+03
1.084115000000004557e+03
1.089900000000004638e+03
1.097426000000004933e+03
1.102146000000004960e+03
1.106896000000004960e+03
1.112060000000005175e+03
1.119108000000005404e+03
1.124858000000005404e+03
1.129408000000005586e+03
1.134397000000005619e+03
1.140712000000005673e+03
1.147107000000005655e+03
1.152767000000005737e+03
1.158375000000005684e+03
1.164365000000005693e+03
1.169877000000005637e+03
1.175778000000005704e+03
1.181704000000005635e+03
1.185715000000005602e+03
1.191876000000005661e+03
1.196852000000005773e+03
1.201367000000005874e+03
1.206810000000006085e+03
1.211239000000005944e+03
1.217591000000005806e+03
1.223618000000005850e+03
1.229826000000005934e+03
1.235970000000005939e+03
1.242547000000006165e+03
1.247545000000006212e+03
1.254699000000006208e+03
1.260936000000006288e+03
1.266187000000006492e+03
1.272354000000006636e+03
1.279242000000006783e+03
1.284351000000006707e+03
1.289950000000006867e+03
1.295031000000006770e+03
1.301651000000006889e+03
1.308649000000006936e+03
1.314948000000006914e+03
1.321181000000006861e+03
1.328359000000006972e+03
1.334545000000007349e+03
1.340757000000007338e+03
1.346673000000007278e+03
1.351677000000007638e+03
1.357765000000007831e+03
1.363548000000007733e+03
1.368361000000007834e+03
1.374733000000007905e+03
1.380875000000007958e+03
1.386624000000008209e+03
1.393157000000008111e+03
1.399900000000008276e+03
1.405683000000008406e+03
1.411917000000008329e+03
1.416971000000008416e+03
1.423609000000008564e+03
1.429751000000008617e+03
1.434747000000008484e+03
1.440037000000008447e+03
1.446156000000008589e+03
1.450911000000008471e+03
1.456633000000008451e+03
1.462541000000008353e+03
1.468381000000008498e+03
1.473851000000008526e+03
1.480292000000008557e+03
1.484767000000008466e+03
1.489542000000008557e+03
1.496596000000008644e+03
1.500849000000008800e+03
1.506230000000008886e+03
1.512496000000008962e+03
1.519689000000009173e+03
1.524700000000009140e+03
1.530348000000009051e+03
1.537882000000009157e+03
1.544092000000009193e+03
1.548935000000009268e+03
1.554347000000009302e+03
1.560652000000009593e+03
1.566438000000009879e+03
1.572273000000009915e+03
1.579761000000010199e+03
1.586751000000010208e+03
1.593340000000010377e+03
1.599117000000010648e+03
1.605205000000010841e+03
1.610762000000011085e+03
1.616972000000010894e+03
1.624490000000010923e+03
1.629716000000011036e+03
1.636173000000011143e+03
1.641464000000011083e+03
1.646574000000011210e+03
1.652119000000011283e+03
1.657224000000011301e+03
1.660747000000011212e+03
1.665162000000011176e+03
1.669871000000011236e+03
1.676735000000011269e+03
1.683211000000011381e+03
1.687012000000011540e+03
1.690667000000011512e+03
1.696804000000011683e+03
1.702382000000011658e+03
1.707473000000011780e+03
1.712056000000011863e+03
1.716242000000011785e+03
1.721686000000011973e+03
1.726378000000011980e+03
1.733807000000012067e+03
1.738739000000012084e+03
1.744103000000012116e+03
1.751094000000012329e+03
1.756643000000012535e+03
1.763062000000012631e+03
1.768745000000012851e+03
1.774552000000012868e+03
1.781240000000012969e+03
1.786699000000013029e+03
