1.923999999999999932e+00
7.178000000000000824e+00
1.298300000000000054e+01
1.653000000000000114e+01
2.070899999999999963e+01
2.329100000000000037e+01
2.902299999999999969e+01
3.424799999999999756e+01
4.005599999999999028e+01
4.498799999999999244e+01
4.830899999999999039e+01
5.426199999999999335e+01
5.927499999999999858e+01
6.549700000000001410e+01
7.166600000000001103e+01
7.804800000000001603e+01
8.166900000000002535e+01
8.558800000000003649e+01
9.222900000000004184e+01
9.791500000000004889e+01
1.044200000000000443e+02
1.091180000000000518e+02
1.161140000000000612e+02
1.219160000000000679e+02
1.274660000000000650e+02
1.342470000000000709e+02
1.406020000000000607e+02
1.450890000000000555e+02
1.510610000000000639e+02
1.567850000000000534e+02
1.616560000000000628e+02
1.689050000000000580e+02
1.746530000000000484e+02
1.821310000000000571e+02
1.872560000000000855e+02
1.917820000000000960e+02
1.985920000000000698e+02
2.057380000000000564e+02
2.125980000000000700e+02
2.177140000000000555e+02
2.241370000000000857e+02
2.293530000000000655e+02
2.341690000000000680e+02
2.417930000000000632e+02
2.471650000000000489e+02
2.529250000000000398e+02
2.582069999999999936e+02
2.641529999999999632e+02
2.707339999999999804e+02
2.771369999999998868e+02
2.829129999999998404e+02
2.893999999999998067e+02
2.948599999999997863e+02
3.003739999999997394e+02
3.061979999999996949e+02
3.118339999999996621e+02
3.186189999999996871e+02
3.251809999999995853e+02
3.316639999999995894e+02
3.371929999999995857e+02
3.418499999999996248e+02
3.473929999999995744e+02
3.539849999999996157e+02
3.609479999999995812e+02
3.681849999999995475e+02
3.751299999999994839e+02
3.802219999999994684e+02
3.854969999999994457e+02
3.913529999999993834e+02
3.984649999999993497e+02
4.053889999999992710e+02
4.121829999999991401e+02
4.190259999999991010e+02
4.252719999999990819e+02
4.320439999999990732e+02
4.389739999999990232e+02
4.443089999999989459e+02
4.512799999999988358e+02
4.577689999999988117e+02
4.635839999999988095e+02
4.689099999999987745e+02
4.739159999999986894e+02
4.801069999999986067e+02
4.865199999999986176e+02
4.928359999999985916e+02
4.989599999999985585e+02
5.056779999999985193e+02
5.115049999999984607e+02
5.176749999999985903e+02
5.242709999999985939e+02
5.300609999999985575e+02
5.360319999999986749e+02
5.427839999999988549e+02
5.502829999999989923e+02
5.575919999999990750e+02
5.646849999999991496e+02
5.687169999999990750e+02
5.756709999999991396e+02
5.825409999999991442e+02
5.887459999999991851e+02
5.948329999999992879e+02
6.021959999999994579e+02
6.073789999999994507e+02
6.135619999999994434e+02
6.203439999999995962e+02
6.266109999999996489e+02
6.337439999999996871e+02
6.391709999999998217e+02
6.459229999999998881e+02
6.519199999999998454e+02
6.577789999999997690e+02
6.639719999999998663e+02
6.679739999999999327e+02
6.734099999999999682e+02
6.809170000000000300e+02
6.862280000000001792e+02
6.921520000000002710e+02
6.999100000000004229e+02
7.053490000000003874e+02
7.120710000000003674e+02
7.187840000000003329e+02
7.241570000000002665e+02
7.301360000000004220e+02
7.339540000000004056e+02
7.407980000000004566e+02
7.466560000000005175e+02
7.512110000000004675e+02
7.579610000000004675e+02
7.641640000000005557e+02
7.708760000000006585e+02
7.764890000000007149e+02
7.830460000000008449e+02
7.883490000000008422e+02
7.954640000000009650e+02
8.029820000000009941e+02
8.094010000000009768e+02
8.148880000000010568e+02
8.211630000000011478e+02
8.277070000000011305e+02
8.336880000000011250e+02
8.409190000000011196e+02
8.481870000000011487e+02
8.530740000000010923e+02
8.585490000000010014e+02
8.647380000000009659e+02
8.709450000000010732e+02
8.768000000000010914e+02
8.827840000000011287e+02
8.885680000000013479e+02
8.953140000000014425e+02
9.005160000000013270e+02
9.065800000000014052e+02
9.126250000000013642e+02
9.182540000000013833e+02
9.242790000000014743e+02
9.310610000000015134e+02
9.371140000000015107e+02
9.435940000000015289e+02
9.498430000000015525e+02
9.564820000000017899e+02
9.621590000000019245e+02
9.695110000000020136e+02
9.758210000000021864e+02
9.820320000000021992e+02
9.888480000000022301e+02
9.943920000000023265e+02
1.000413000000002398e+03
1.007429000000002475e+03
1.013848000000002457e+03
1.020146000000002459e+03
1.025981000000002723e+03
1.031133000000002767e+03
1.038069000000002916e+03
1.044796000000003005e+03
1.050822000000003072e+03
1.057746000000003050e+03
1.064136000000003150e+03
1.069506000000003269e+03
1.075140000000003283e+03
1.080531000000003587e+03
1.086766000000003714e+03
1.093649000000003980e+03
1.098341000000004215e+03
1.103770000000004075e+03
1.111099000000004253e+03
1.117317000000004327e+03
1.124155000000004293e+03
1.129737000000004173e+03
1.136114000000004353e+03
1.142295000000004393e+03
1.149110000000004675e+03
1.156241000000004760e+03
1.162295000000004848e+03
1.168698000000005095e+03
1.175376000000005206e+03
1.181765000000005330e+03
1.188060000000005402e+03
1.193982000000005655e+03
1.200945000000005848e+03
1.205833000000006223e+03
1.211934000000006336e+03
1.218678000000006477e+03
1.225456000000006725e+03
1.232033000000006723e+03
1.238903000000006614e+03
1.245029000000006590e+03
1.250893000000006850e+03
1.257233000000006996e+03
1.263480000000007067e+03
1.270347000000007256e+03
1.276180000000007340e+03
1.281207000000007383e+03
1.288013000000007651e+03
1.294285000000007813e+03
1.300452000000007956e+03
1.306899000000007845e+03
1.312986000000007834e+03
1.320495000000007849e+03
1.327080000000008113e+03
1.333910000000008040e+03
1.340586000000008198e+03
1.348090000000008104e+03
1.354643000000008215e+03
1.361416000000008353e+03
1.368183000000008406e+03
1.373605000000008431e+03
1.378914000000008400e+03
1.385410000000008495e+03
1.390241000000008626e+03
1.395275000000008504e+03
1.401924000000008618e+03
1.407433000000008633e+03
1.413639000000008764e+03
1.419026000000008935e+03
1.425360000000008995e+03
1.430719000000009146e+03
1.437057000000009566e+03
1.442542000000009466e+03
1.448886000000009517e+03
1.454525000000009413e+03
1.461588000000009515e+03
1.466325000000009595e+03
1.473234000000009473e+03
1.479950000000009595e+03
1.485722000000009530e+03
1.490656000000009499e+03
1.496666000000009717e+03
1.502358000000009952e+03
1.509679000000010092e+03
1.515843000000010306e+03
1.521948000000010552e+03
1.528211000000010699e+03
1.534653000000010934e+03
1.540862000000010767e+03
1.546685000000010859e+03
1.551917000000011058e+03
1.557604000000011183e+03
1.564295000000011214e+03
1.570016000000011218e+03
1.575712000000011358e+03
1.582840000000011514e+03
1.588679000000011456e+03
1.595807000000011612e+03
1.601936000000011745e+03
1.607158000000011725e+03
1.613079000000012002e+03
1.618870000000012169e+03
1.625694000000012238e+03
1.632527000000012322e+03
1.637896000000012464e+03
1.643322000000012622e+03
1.649442000000012513e+03
1.656228000000012571e+03
1.662523000000012644e+03
1.668612000000012813e+03
1.675020000000012942e+03
1.681945000000013124e+03
1.688501000000012937e+03
1.693928000000013071e+03
1.699595000000013215e+03
1.706263000000013335e+03
1.711860000000013542e+03
1.716894000000013648e+03
1.723898000000013781e+03
1.729203000000013844e+03
1.735727000000013959e+03
1.742043000000013990e+03
1.748809000000014066e+03
1.755452000000014095e+03
1.762450000000014143e+03
1.767034000000014430e+03
1.772387000000014496e+03
1.777160000000014861e+03
1.783829000000014730e+03
1.789423000000014781e+03
1.795947000000014668e+03
1.801832000000014887e+03
1.808827000000014777e+03
1.814860000000014907e+03
1.822090000000014925e+03
1.828031000000015183e+03
1.834142000000015287e+03
1.839134000000015476e+03
1.846786000000015520e+03
1.852969000000015512e+03
1.858850000000015825e+03
1.864082000000015796e+03
1.868316000000015720e+03
1.874399000000016031e+03
1.880606000000016365e+03
1.886751000000016575e+03
1.892759000000016613e+03
1.899537000000016633e+03
1.905760000000016589e+03
1.911168000000016718e+03
1.917704000000016777e+03
1.923072000000017169e+03
1.929505000000017390e+03
1.935499000000017531e+03
1.941471000000017511e+03
1.948979000000017550e+03
1.955632000000017570e+03
1.962256000000017593e+03
1.968436000000017657e+03
1.973879000000017413e+03
1.980139000000017631e+03
1.986545000000017808e+03
1.993308000000017955e+03
2.000985000000018090e+03
2.007875000000017963e+03
2.013628000000018119e+03
2.020801000000018121e+03
2.026733000000018137e+03
2.032510000000018408e+03
2.037945000000018581e+03
2.044688000000018519e+03
2.051277000000018688e+03
2.057233000000018819e+03
2.064234000000019023e+03
2.070145000000018626e+03
2.077340000000018335e+03
2.083474000000017895e+03
2.090877000000017688e+03
2.097146000000017466e+03
2.102938000000017382e+03
2.110036000000016884e+03
2.116345000000017080e+03
2.122587000000017269e+03
2.127827000000017051e+03
2.134568000000017037e+03
2.141526000000016666e+03
2.145585000000015953e+03
2.152740000000015698e+03
2.158083000000016000e+03
2.163790000000016335e+03
2.168247000000016214e+03
2.174336000000016156e+03
2.180303000000015800e+03
2.187432000000015705e+03
2.193988000000015290e+03
2.200238000000015290e+03
2.205371000000015101e+03
2.211158000000014908e+03
2.218527000000015050e+03
2.225128000000014708e+03
2.231378000000014708e+03
2.237266000000014628e+03
2.244024000000014439e+03
2.249467000000014650e+03
2.255881000000014865e+03
2.262870000000014898e+03
2.268456000000014683e+03
2.272578000000014526e+03
2.278788000000014563e+03
2.285567000000014559e+03
2.291089000000014494e+03
2.296567000000014104e+03
2.304154000000014094e+03
2.309666000000013810e+03
2.315398000000013781e+03
2.322183000000013635e+03
2.328351000000013300e+03
2.335203000000012707e+03
2.341314000000012129e+03
2.348795000000011896e+03
2.355489000000011401e+03
2.362305000000011205e+03
2.368691000000010717e+03
2.374304000000010547e+03
2.379586000000010245e+03
2.386509000000010019e+03
2.392944000000009964e+03
2.398370000000009895e+03
2.404276000000009390e+03
2.409610000000009222e+03
2.416269000000008873e+03
2.423086000000008426e+03
2.429347000000008848e+03
2.432566000000008444e+03
2.437612000000008265e+03
