0
4.000000000000000000e+00
5.000000000000000000e+00
8.000000000000000000e+00
1.000000000000000000e+01
1.500000000000000000e+01
1.800000000000000000e+01
2.000000000000000000e+01
2.000000000000000000e+01
2.100000000000000000e+01
2.300000000000000000e+01
2.700000000000000000e+01
3.000000000000000000e+01
3.000000000000000000e+01
3.000000000000000000e+01
3.300000000000000000e+01
3.800000000000000000e+01
4.000000000000000000e+01
4.200000000000000000e+01
4.500000000000000000e+01
4.700000000000000000e+01
4.800000000000000000e+01
4.900000000000000000e+01
5.100000000000000000e+01
5.200000000000000000e+01
5.500000000000000000e+01
5.800000000000000000e+01
5.900000000000000000e+01
6.300000000000000000e+01
6.700000000000000000e+01
6.900000000000000000e+01
7.000000000000000000e+01
7.200000000000000000e+01
7.600000000000000000e+01
7.900000000000000000e+01
8.000000000000000000e+01
8.200000000000000000e+01
8.700000000000000000e+01
8.900000000000000000e+01
9.100000000000000000e+01
9.300000000000000000e+01
9.500000000000000000e+01
9.800000000000000000e+01
1.000000000000000000e+02
1.010000000000000000e+02
1.020000000000000000e+02
1.040000000000000000e+02
1.070000000000000000e+02
1.090000000000000000e+02
1.130000000000000000e+02
1.140000000000000000e+02
1.170000000000000000e+02
1.200000000000000000e+02
1.240000000000000000e+02
1.270000000000000000e+02
1.300000000000000000e+02
1.350000000000000000e+02
1.390000000000000000e+02
1.430000000000000000e+02
1.480000000000000000e+02
1.520000000000000000e+02
1.550000000000000000e+02
1.600000000000000000e+02
1.630000000000000000e+02
1.640000000000000000e+02
1.670000000000000000e+02
1.710000000000000000e+02
1.740000000000000000e+02
1.770000000000000000e+02
1.780000000000000000e+02
1.830000000000000000e+02
1.840000000000000000e+02
1.860000000000000000e+02
1.900000000000000000e+02
1.920000000000000000e+02
1.930000000000000000e+02
1.960000000000000000e+02
1.970000000000000000e+02
1.980000000000000000e+02
2.010000000000000000e+02
2.060000000000000000e+02
2.090000000000000000e+02
2.110000000000000000e+02
2.160000000000000000e+02
2.180000000000000000e+02
2.210000000000000000e+02
2.230000000000000000e+02
2.260000000000000000e+02
2.290000000000000000e+02
2.300000000000000000e+02
2.330000000000000000e+02
2.350000000000000000e+02
2.370000000000000000e+02
2.410000000000000000e+02
2.460000000000000000e+02
2.520000000000000000e+02
2.540000000000000000e+02
2.580000000000000000e+02
2.620000000000000000e+02
2.650000000000000000e+02
2.670000000000000000e+02
2.670000000000000000e+02
2.690000000000000000e+02
2.730000000000000000e+02
2.760000000000000000e+02
2.770000000000000000e+02
2.800000000000000000e+02
2.840000000000000000e+02
2.860000000000000000e+02
2.860000000000000000e+02
2.890000000000000000e+02
2.910000000000000000e+02
2.960000000000000000e+02
2.970000000000000000e+02
2.980000000000000000e+02
3.010000000000000000e+02
3.020000000000000000e+02
3.050000000000000000e+02
3.090000000000000000e+02
3.110000000000000000e+02
3.150000000000000000e+02
3.180000000000000000e+02
3.210000000000000000e+02
3.260000000000000000e+02
3.300000000000000000e+02
3.320000000000000000e+02
3.350000000000000000e+02
3.390000000000000000e+02
3.420000000000000000e+02
3.440000000000000000e+02
3.440000000000000000e+02
3.460000000000000000e+02
3.490000000000000000e+02
3.500000000000000000e+02
3.520000000000000000e+02
3.550000000000000000e+02
3.590000000000000000e+02
3.620000000000000000e+02
3.630000000000000000e+02
3.680000000000000000e+02
3.710000000000000000e+02
3.740000000000000000e+02
3.780000000000000000e+02
3.780000000000000000e+02
3.800000000000000000e+02
3.830000000000000000e+02
3.860000000000000000e+02
3.900000000000000000e+02
3.910000000000000000e+02
3.930000000000000000e+02
3.950000000000000000e+02
4.000000000000000000e+02
4.020000000000000000e+02
4.030000000000000000e+02
4.050000000000000000e+02
4.070000000000000000e+02
4.090000000000000000e+02
4.110000000000000000e+02
4.130000000000000000e+02
4.160000000000000000e+02
4.180000000000000000e+02
4.180000000000000000e+02
4.210000000000000000e+02
4.240000000000000000e+02
4.250000000000000000e+02
4.280000000000000000e+02
4.310000000000000000e+02
4.350000000000000000e+02
4.370000000000000000e+02
4.390000000000000000e+02
4.390000000000000000e+02
4.420000000000000000e+02
4.430000000000000000e+02
4.470000000000000000e+02
4.490000000000000000e+02
4.520000000000000000e+02
4.540000000000000000e+02
4.600000000000000000e+02
4.630000000000000000e+02
4.660000000000000000e+02
4.660000000000000000e+02
4.690000000000000000e+02
4.720000000000000000e+02
4.760000000000000000e+02
4.780000000000000000e+02
4.790000000000000000e+02
4.830000000000000000e+02
4.860000000000000000e+02
4.890000000000000000e+02
4.900000000000000000e+02
4.930000000000000000e+02
4.970000000000000000e+02
4.970000000000000000e+02
5.000000000000000000e+02
5.010000000000000000e+02
5.030000000000000000e+02
5.060000000000000000e+02
5.100000000000000000e+02
5.110000000000000000e+02
5.150000000000000000e+02
5.150000000000000000e+02
5.180000000000000000e+02
5.210000000000000000e+02
5.280000000000000000e+02
5.320000000000000000e+02
5.360000000000000000e+02
5.400000000000000000e+02
5.440000000000000000e+02
5.470000000000000000e+02
5.500000000000000000e+02
5.530000000000000000e+02
5.570000000000000000e+02
5.610000000000000000e+02
5.640000000000000000e+02
5.680000000000000000e+02
5.710000000000000000e+02
5.770000000000000000e+02
5.820000000000000000e+02
5.860000000000000000e+02
5.900000000000000000e+02
5.950000000000000000e+02
5.980000000000000000e+02
6.020000000000000000e+02
6.060000000000000000e+02
6.070000000000000000e+02
6.100000000000000000e+02
6.140000000000000000e+02
6.180000000000000000e+02
6.210000000000000000e+02
6.240000000000000000e+02
6.300000000000000000e+02
6.370000000000000000e+02
6.400000000000000000e+02
6.440000000000000000e+02
6.470000000000000000e+02
6.530000000000000000e+02
6.560000000000000000e+02
6.610000000000000000e+02
6.640000000000000000e+02
6.670000000000000000e+02
6.730000000000000000e+02
6.780000000000000000e+02
6.820000000000000000e+02
6.870000000000000000e+02
6.890000000000000000e+02
6.940000000000000000e+02
6.980000000000000000e+02
7.020000000000000000e+02
7.060000000000000000e+02
7.090000000000000000e+02
7.100000000000000000e+02
7.130000000000000000e+02
7.190000000000000000e+02
7.220000000000000000e+02
7.240000000000000000e+02
7.290000000000000000e+02
7.290000000000000000e+02
7.340000000000000000e+02
7.370000000000000000e+02
7.410000000000000000e+02
7.480000000000000000e+02
7.520000000000000000e+02
7.540000000000000000e+02
7.560000000000000000e+02
7.590000000000000000e+02
7.640000000000000000e+02
7.690000000000000000e+02
7.760000000000000000e+02
7.800000000000000000e+02
7.830000000000000000e+02
7.860000000000000000e+02
7.910000000000000000e+02
7.930000000000000000e+02
7.960000000000000000e+02
8.000000000000000000e+02
8.050000000000000000e+02
8.090000000000000000e+02
8.130000000000000000e+02
8.140000000000000000e+02
8.200000000000000000e+02
8.220000000000000000e+02
8.270000000000000000e+02
8.300000000000000000e+02
8.340000000000000000e+02
8.370000000000000000e+02
8.400000000000000000e+02
8.450000000000000000e+02
8.500000000000000000e+02
8.560000000000000000e+02
8.620000000000000000e+02
8.650000000000000000e+02
8.690000000000000000e+02
8.740000000000000000e+02
8.770000000000000000e+02
8.810000000000000000e+02
8.860000000000000000e+02
8.890000000000000000e+02
8.940000000000000000e+02
8.970000000000000000e+02
9.020000000000000000e+02
9.050000000000000000e+02
9.090000000000000000e+02
9.120000000000000000e+02
9.150000000000000000e+02
9.180000000000000000e+02
9.230000000000000000e+02
9.280000000000000000e+02
9.330000000000000000e+02
9.370000000000000000e+02
9.410000000000000000e+02
9.450000000000000000e+02
9.500000000000000000e+02
9.560000000000000000e+02
9.620000000000000000e+02
9.630000000000000000e+02
9.650000000000000000e+02
9.690000000000000000e+02
9.760000000000000000e+02
9.800000000000000000e+02
9.870000000000000000e+02
9.900000000000000000e+02
9.930000000000000000e+02
9.980000000000000000e+02
1.000000000000000000e+03
1.003000000000000000e+03
1.007000000000000000e+03
1.011000000000000000e+03
1.016000000000000000e+03
1.021000000000000000e+03
1.026000000000000000e+03
1.030000000000000000e+03
1.033000000000000000e+03
1.036000000000000000e+03
1.038000000000000000e+03
1.041000000000000000e+03
1.047000000000000000e+03
1.051000000000000000e+03
1.054000000000000000e+03
1.058000000000000000e+03
1.062000000000000000e+03
1.063000000000000000e+03
1.069000000000000000e+03
1.075000000000000000e+03
1.080000000000000000e+03
1.085000000000000000e+03
1.089000000000000000e+03
1.092000000000000000e+03
1.097000000000000000e+03
1.103000000000000000e+03
1.108000000000000000e+03
1.113000000000000000e+03
1.115000000000000000e+03
1.118000000000000000e+03
1.122000000000000000e+03
1.127000000000000000e+03
1.132000000000000000e+03
1.135000000000000000e+03
1.138000000000000000e+03
1.142000000000000000e+03
1.147000000000000000e+03
1.151000000000000000e+03
1.159000000000000000e+03
1.164000000000000000e+03
1.170000000000000000e+03
1.174000000000000000e+03
1.177000000000000000e+03
1.179000000000000000e+03
1.180000000000000000e+03
1.187000000000000000e+03
1.192000000000000000e+03
1.195000000000000000e+03
1.200000000000000000e+03
1.204000000000000000e+03
1.208000000000000000e+03
1.212000000000000000e+03
1.218000000000000000e+03
1.220000000000000000e+03
1.225000000000000000e+03
1.227000000000000000e+03
1.230000000000000000e+03
1.235000000000000000e+03
1.239000000000000000e+03
1.242000000000000000e+03
1.248000000000000000e+03
1.253000000000000000e+03
1.257000000000000000e+03
1.262000000000000000e+03
1.266000000000000000e+03
1.272000000000000000e+03
1.278000000000000000e+03
1.283000000000000000e+03
1.284000000000000000e+03
1.291000000000000000e+03
1.294000000000000000e+03
1.298000000000000000e+03
1.303000000000000000e+03
1.307000000000000000e+03
1.309000000000000000e+03
1.314000000000000000e+03
1.317000000000000000e+03
1.319000000000000000e+03
