2.000000000000000000e+00
6.000000000000000000e+00
9.000000000000000000e+00
1.200000000000000000e+01
1.500000000000000000e+01
1.700000000000000000e+01
2.000000000000000000e+01
2.500000000000000000e+01
2.900000000000000000e+01
3.200000000000000000e+01
3.700000000000000000e+01
4.200000000000000000e+01
4.700000000000000000e+01
5.000000000000000000e+01
5.600000000000000000e+01
6.100000000000000000e+01
6.500000000000000000e+01
6.900000000000000000e+01
7.400000000000000000e+01
7.800000000000000000e+01
8.000000000000000000e+01
8.400000000000000000e+01
8.800000000000000000e+01
9.300000000000000000e+01
9.600000000000000000e+01
9.900000000000000000e+01
1.030000000000000000e+02
1.060000000000000000e+02
1.120000000000000000e+02
1.170000000000000000e+02
1.210000000000000000e+02
1.260000000000000000e+02
1.320000000000000000e+02
1.370000000000000000e+02
1.410000000000000000e+02
1.450000000000000000e+02
1.490000000000000000e+02
1.530000000000000000e+02
1.580000000000000000e+02
1.630000000000000000e+02
1.680000000000000000e+02
1.710000000000000000e+02
1.760000000000000000e+02
1.810000000000000000e+02
1.860000000000000000e+02
1.900000000000000000e+02
1.940000000000000000e+02
1.990000000000000000e+02
2.050000000000000000e+02
2.090000000000000000e+02
2.160000000000000000e+02
2.200000000000000000e+02
2.240000000000000000e+02
2.290000000000000000e+02
2.340000000000000000e+02
2.390000000000000000e+02
2.440000000000000000e+02
2.480000000000000000e+02
2.500000000000000000e+02
2.550000000000000000e+02
2.610000000000000000e+02
2.670000000000000000e+02
2.730000000000000000e+02
2.800000000000000000e+02
2.840000000000000000e+02
2.890000000000000000e+02
2.940000000000000000e+02
3.010000000000000000e+02
3.070000000000000000e+02
3.120000000000000000e+02
3.170000000000000000e+02
3.220000000000000000e+02
3.260000000000000000e+02
3.310000000000000000e+02
3.350000000000000000e+02
3.390000000000000000e+02
3.450000000000000000e+02
3.500000000000000000e+02
3.570000000000000000e+02
3.630000000000000000e+02
3.680000000000000000e+02
3.740000000000000000e+02
3.820000000000000000e+02
3.890000000000000000e+02
3.940000000000000000e+02
3.980000000000000000e+02
4.030000000000000000e+02
4.090000000000000000e+02
4.160000000000000000e+02
4.240000000000000000e+02
4.330000000000000000e+02
4.380000000000000000e+02
4.440000000000000000e+02
4.510000000000000000e+02
4.570000000000000000e+02
4.650000000000000000e+02
4.730000000000000000e+02
4.790000000000000000e+02
4.880000000000000000e+02
4.970000000000000000e+02
5.050000000000000000e+02
5.120000000000000000e+02
5.190000000000000000e+02
5.250000000000000000e+02
5.330000000000000000e+02
5.400000000000000000e+02
5.460000000000000000e+02
5.520000000000000000e+02
5.580000000000000000e+02
5.660000000000000000e+02
5.730000000000000000e+02
5.810000000000000000e+02
5.890000000000000000e+02
5.960000000000000000e+02
6.040000000000000000e+02
6.100000000000000000e+02
6.190000000000000000e+02
6.290000000000000000e+02
6.360000000000000000e+02
6.450000000000000000e+02
6.530000000000000000e+02
6.610000000000000000e+02
6.700000000000000000e+02
6.790000000000000000e+02
6.880000000000000000e+02
6.970000000000000000e+02
7.070000000000000000e+02
7.160000000000000000e+02
7.240000000000000000e+02
7.320000000000000000e+02
7.400000000000000000e+02
7.480000000000000000e+02
7.540000000000000000e+02
7.640000000000000000e+02
7.720000000000000000e+02
7.820000000000000000e+02
7.910000000000000000e+02
7.990000000000000000e+02
8.090000000000000000e+02
8.170000000000000000e+02
8.240000000000000000e+02
8.300000000000000000e+02
8.390000000000000000e+02
8.470000000000000000e+02
8.570000000000000000e+02
8.650000000000000000e+02
8.730000000000000000e+02
8.810000000000000000e+02
8.890000000000000000e+02
8.980000000000000000e+02
9.070000000000000000e+02
9.150000000000000000e+02
9.220000000000000000e+02
9.300000000000000000e+02
9.380000000000000000e+02
9.480000000000000000e+02
9.550000000000000000e+02
9.630000000000000000e+02
9.700000000000000000e+02
9.760000000000000000e+02
9.850000000000000000e+02
9.930000000000000000e+02
1.000000000000000000e+03
1.008000000000000000e+03
1.016000000000000000e+03
1.025000000000000000e+03
1.032000000000000000e+03
1.041000000000000000e+03
1.049000000000000000e+03
1.058000000000000000e+03
1.065000000000000000e+03
1.072000000000000000e+03
1.081000000000000000e+03
1.090000000000000000e+03
1.099000000000000000e+03
1.108000000000000000e+03
1.115000000000000000e+03
1.123000000000000000e+03
1.130000000000000000e+03
1.137000000000000000e+03
1.143000000000000000e+03
1.150000000000000000e+03
1.157000000000000000e+03
1.161000000000000000e+03
1.168000000000000000e+03
1.176000000000000000e+03
1.184000000000000000e+03
1.192000000000000000e+03
1.199000000000000000e+03
1.206000000000000000e+03
1.214000000000000000e+03
1.221000000000000000e+03
1.229000000000000000e+03
1.237000000000000000e+03
1.245000000000000000e+03
1.253000000000000000e+03
1.263000000000000000e+03
1.271000000000000000e+03
1.280000000000000000e+03
1.289000000000000000e+03
