1.000000000000000000e+01
1.000000000000000000e+01
1.285999965667724609e+01
1.493000030517578125e+01
1.673999977111816406e+01
1.697999954223632812e+01
2.457999992370605469e+01
2.327000045776367188e+01
2.523999977111816406e+01
2.637000083923339844e+01
2.870000076293945312e+01
3.531000137329101562e+01
3.247000122070312500e+01
3.293999862670898438e+01
3.731999969482421875e+01
3.881999969482421875e+01
3.850000000000000000e+01
3.945000076293945312e+01
4.300000000000000000e+01
4.125999832153320312e+01
4.377999877929687500e+01
4.515000152587890625e+01
4.459000015258789062e+01
4.531000137329101562e+01
4.679999923706054688e+01
4.624000167846679688e+01
4.700000000000000000e+01
4.518000030517578125e+01
4.709999847412109375e+01
4.722999954223632812e+01
4.699000167846679688e+01
4.915000152587890625e+01
4.804999923706054688e+01
4.827000045776367188e+01
4.975000000000000000e+01
4.979000091552734375e+01
4.979999923706054688e+01
5.033000183105468750e+01
4.947999954223632812e+01
5.047000122070312500e+01
5.134999847412109375e+01
4.875999832153320312e+01
5.058000183105468750e+01
5.093000030517578125e+01
4.877000045776367188e+01
5.038000106811523438e+01
5.077000045776367188e+01
4.947999954223632812e+01
5.111000061035156250e+01
5.200999832153320312e+01
5.279999923706054688e+01
5.265000152587890625e+01
5.100000000000000000e+01
5.031000137329101562e+01
5.140999984741210938e+01
5.145000076293945312e+01
5.086000061035156250e+01
5.100000000000000000e+01
5.163000106811523438e+01
5.225000000000000000e+01
5.170000076293945312e+01
5.120999908447265625e+01
5.150000000000000000e+01
5.131000137329101562e+01
5.070000076293945312e+01
5.204000091552734375e+01
4.938999938964843750e+01
5.191999816894531250e+01
5.259000015258789062e+01
5.265000152587890625e+01
5.225000000000000000e+01
5.263999938964843750e+01
5.172000122070312500e+01
5.200000000000000000e+01
5.195999908447265625e+01
5.306999969482421875e+01
5.211000061035156250e+01
5.327999877929687500e+01
5.102999877929687500e+01
4.979000091552734375e+01
5.206000137329101562e+01
5.241999816894531250e+01
5.188999938964843750e+01
5.086999893188476562e+01
5.297000122070312500e+01
5.263999938964843750e+01
5.220000076293945312e+01
5.393999862670898438e+01
5.224000167846679688e+01
4.934999847412109375e+01
5.286000061035156250e+01
5.266999816894531250e+01
5.118999862670898438e+01
5.284999847412109375e+01
5.250999832153320312e+01
5.309999847412109375e+01
5.200000000000000000e+01
5.295000076293945312e+01
5.277000045776367188e+01
5.216999816894531250e+01
5.229000091552734375e+01
5.211000061035156250e+01
5.265000152587890625e+01
5.045999908447265625e+01
5.209999847412109375e+01
5.333000183105468750e+01
5.116999816894531250e+01
5.181999969482421875e+01
5.259000015258789062e+01
5.258000183105468750e+01
5.270999908447265625e+01
5.229999923706054688e+01
5.329000091552734375e+01
5.304000091552734375e+01
5.122000122070312500e+01
5.225000000000000000e+01
5.345000076293945312e+01
5.345999908447265625e+01
5.352000045776367188e+01
5.252000045776367188e+01
5.283000183105468750e+01
5.204999923706054688e+01
5.279999923706054688e+01
5.250999832153320312e+01
5.059999847412109375e+01
5.199000167846679688e+01
5.240000152587890625e+01
5.279999923706054688e+01
5.250999832153320312e+01
5.197000122070312500e+01
5.250000000000000000e+01
5.245999908447265625e+01
5.104999923706054688e+01
5.291999816894531250e+01
5.209000015258789062e+01
5.234999847412109375e+01
5.320999908447265625e+01
5.234999847412109375e+01
5.147000122070312500e+01
5.315000152587890625e+01
5.272000122070312500e+01
5.156000137329101562e+01
5.236000061035156250e+01
5.170999908447265625e+01
5.097999954223632812e+01
5.209999847412109375e+01
5.241999816894531250e+01
5.329000091552734375e+01
5.188000106811523438e+01
5.229999923706054688e+01
5.327000045776367188e+01
5.340999984741210938e+01
5.290999984741210938e+01
5.045000076293945312e+01
5.122999954223632812e+01
5.224000167846679688e+01
5.208000183105468750e+01
5.295000076293945312e+01
5.220000076293945312e+01
5.293000030517578125e+01
5.288000106811523438e+01
5.259999847412109375e+01
5.231999969482421875e+01
5.168000030517578125e+01
5.340999984741210938e+01
5.290999984741210938e+01
5.288000106811523438e+01
5.220000076293945312e+01
5.272999954223632812e+01
5.284000015258789062e+01
5.320000076293945312e+01
5.206999969482421875e+01
5.316999816894531250e+01
5.141999816894531250e+01
5.333000183105468750e+01
5.304999923706054688e+01
5.179000091552734375e+01
5.331000137329101562e+01
5.240000152587890625e+01
5.352000045776367188e+01
5.111000061035156250e+01
5.259000015258789062e+01
5.165999984741210938e+01
5.245999908447265625e+01
5.343000030517578125e+01
5.063000106811523438e+01
5.227999877929687500e+01
5.193000030517578125e+01
5.322000122070312500e+01
5.238000106811523438e+01
5.295999908447265625e+01
5.241999816894531250e+01
5.250000000000000000e+01
5.238000106811523438e+01
5.209999847412109375e+01
5.259999847412109375e+01
5.306999969482421875e+01
5.283000183105468750e+01
5.270999908447265625e+01
5.315999984741210938e+01
