1.735000038146972656e+01
1.000000000000000000e+01
1.879999923706054688e+01
1.685000038146972656e+01
2.322999954223632812e+01
2.425000000000000000e+01
2.253000068664550781e+01
2.253000068664550781e+01
2.312999916076660156e+01
2.039999961853027344e+01
2.350000000000000000e+01
3.053000068664550781e+01
3.053000068664550781e+01
3.053000068664550781e+01
3.170000076293945312e+01
3.566999816894531250e+01
3.211000061035156250e+01
3.045999908447265625e+01
3.820000076293945312e+01
3.050000000000000000e+01
3.297000122070312500e+01
2.463999938964843750e+01
3.096999931335449219e+01
3.117000007629394531e+01
4.336999893188476562e+01
3.831000137329101562e+01
2.150000000000000000e+01
4.397999954223632812e+01
4.695000076293945312e+01
4.552999877929687500e+01
3.254000091552734375e+01
4.002999877929687500e+01
4.756000137329101562e+01
4.322999954223632812e+01
3.640999984741210938e+01
4.420999908447265625e+01
4.613000106811523438e+01
4.059999847412109375e+01
4.625000000000000000e+01
4.002000045776367188e+01
4.525000000000000000e+01
4.595000076293945312e+01
4.645999908447265625e+01
4.141999816894531250e+01
4.056999969482421875e+01
4.104999923706054688e+01
4.886000061035156250e+01
4.359000015258789062e+01
5.075999832153320312e+01
3.765999984741210938e+01
4.943000030517578125e+01
4.806000137329101562e+01
5.143999862670898438e+01
4.954000091552734375e+01
5.075000000000000000e+01
5.165999984741210938e+01
5.183000183105468750e+01
5.172000122070312500e+01
5.272999954223632812e+01
5.213000106811523438e+01
4.874000167846679688e+01
5.172000122070312500e+01
5.006000137329101562e+01
3.840000152587890625e+01
5.138999938964843750e+01
4.177999877929687500e+01
4.833000183105468750e+01
5.034999847412109375e+01
4.581000137329101562e+01
4.697000122070312500e+01
5.150000000000000000e+01
3.659000015258789062e+01
4.477999877929687500e+01
5.077999877929687500e+01
5.143999862670898438e+01
5.243000030517578125e+01
5.195000076293945312e+01
5.029000091552734375e+01
4.131999969482421875e+01
4.783000183105468750e+01
5.029999923706054688e+01
5.231000137329101562e+01
4.977999877929687500e+01
4.456999969482421875e+01
4.558000183105468750e+01
5.145999908447265625e+01
3.709000015258789062e+01
5.122000122070312500e+01
5.272999954223632812e+01
4.777999877929687500e+01
4.627000045776367188e+01
4.850999832153320312e+01
4.677000045776367188e+01
5.109000015258789062e+01
5.004999923706054688e+01
5.111999893188476562e+01
5.004000091552734375e+01
5.159999847412109375e+01
5.190999984741210938e+01
4.922999954223632812e+01
4.286999893188476562e+01
5.109000015258789062e+01
4.965000152587890625e+01
4.724000167846679688e+01
4.872000122070312500e+01
4.929999923706054688e+01
4.952000045776367188e+01
4.434999847412109375e+01
4.190000152587890625e+01
5.131999969482421875e+01
5.136000061035156250e+01
4.758000183105468750e+01
4.711999893188476562e+01
5.074000167846679688e+01
5.077999877929687500e+01
5.311000061035156250e+01
5.270999908447265625e+01
5.184999847412109375e+01
3.995999908447265625e+01
4.834000015258789062e+01
5.065999984741210938e+01
4.338000106811523438e+01
4.502999877929687500e+01
5.018999862670898438e+01
4.800000000000000000e+01
4.863000106811523438e+01
5.013000106811523438e+01
5.056000137329101562e+01
4.975000000000000000e+01
4.972000122070312500e+01
4.515000152587890625e+01
4.554000091552734375e+01
4.554000091552734375e+01
3.718999862670898438e+01
4.765000152587890625e+01
4.770000076293945312e+01
4.916999816894531250e+01
4.100000000000000000e+01
4.850000000000000000e+01
4.850000000000000000e+01
4.790000152587890625e+01
4.254999923706054688e+01
5.127999877929687500e+01
4.281999969482421875e+01
4.743999862670898438e+01
5.149000167846679688e+01
4.715999984741210938e+01
4.613999938964843750e+01
5.245999908447265625e+01
4.895999908447265625e+01
5.122999954223632812e+01
5.040000152587890625e+01
5.166999816894531250e+01
5.186999893188476562e+01
5.233000183105468750e+01
5.152999877929687500e+01
4.997000122070312500e+01
5.168999862670898438e+01
4.484999847412109375e+01
3.965000152587890625e+01
4.797000122070312500e+01
5.108000183105468750e+01
4.227999877929687500e+01
4.440999984741210938e+01
5.099000167846679688e+01
4.884000015258789062e+01
5.143000030517578125e+01
5.106000137329101562e+01
5.068000030517578125e+01
4.316999816894531250e+01
5.115999984741210938e+01
5.131000137329101562e+01
5.150999832153320312e+01
5.200999832153320312e+01
5.102000045776367188e+01
5.065999984741210938e+01
4.574000167846679688e+01
4.065999984741210938e+01
5.143999862670898438e+01
5.229000091552734375e+01
5.102000045776367188e+01
5.229000091552734375e+01
5.202999877929687500e+01
3.977999877929687500e+01
4.893999862670898438e+01
5.072000122070312500e+01
4.611000061035156250e+01
4.900000000000000000e+01
5.097000122070312500e+01
4.884999847412109375e+01
4.936000061035156250e+01
4.949000167846679688e+01
5.134999847412109375e+01
5.184000015258789062e+01
5.333000183105468750e+01
5.049000167846679688e+01
4.984999847412109375e+01
5.177999877929687500e+01
4.572999954223632812e+01
5.293000030517578125e+01
