9.989999771118164062e+00
1.028999996185302734e+01
1.000000000000000000e+01
1.801000022888183594e+01
2.045000076293945312e+01
3.071999931335449219e+01
3.095000076293945312e+01
3.277000045776367188e+01
2.829999923706054688e+01
3.534000015258789062e+01
3.122999954223632812e+01
3.788000106811523438e+01
3.774000167846679688e+01
3.602999877929687500e+01
3.838000106811523438e+01
4.149000167846679688e+01
4.054999923706054688e+01
4.358000183105468750e+01
4.420999908447265625e+01
3.415999984741210938e+01
4.572000122070312500e+01
3.238000106811523438e+01
4.316999816894531250e+01
4.372000122070312500e+01
4.277999877929687500e+01
4.318999862670898438e+01
4.420999908447265625e+01
4.681999969482421875e+01
4.775000000000000000e+01
4.543999862670898438e+01
4.681000137329101562e+01
4.575000000000000000e+01
4.400000000000000000e+01
4.625000000000000000e+01
3.393000030517578125e+01
4.279999923706054688e+01
4.781000137329101562e+01
4.111000061035156250e+01
4.536000061035156250e+01
4.856999969482421875e+01
4.640000152587890625e+01
4.565000152587890625e+01
4.568000030517578125e+01
4.481999969482421875e+01
4.865000152587890625e+01
4.865999984741210938e+01
4.722000122070312500e+01
4.747999954223632812e+01
4.747999954223632812e+01
4.452999877929687500e+01
4.502999877929687500e+01
4.404000091552734375e+01
4.913000106811523438e+01
4.559000015258789062e+01
4.715999984741210938e+01
4.520999908447265625e+01
4.579000091552734375e+01
4.479000091552734375e+01
4.322000122070312500e+01
5.020999908447265625e+01
4.690999984741210938e+01
4.395000076293945312e+01
4.227999877929687500e+01
4.815999984741210938e+01
3.497999954223632812e+01
4.697000122070312500e+01
4.806999969482421875e+01
4.861999893188476562e+01
4.945000076293945312e+01
4.861000061035156250e+01
4.838999938964843750e+01
4.568000030517578125e+01
4.815000152587890625e+01
4.893000030517578125e+01
4.363999938964843750e+01
4.825999832153320312e+01
4.845999908447265625e+01
3.777000045776367188e+01
4.856999969482421875e+01
4.770999908447265625e+01
4.575000000000000000e+01
4.761000061035156250e+01
4.418999862670898438e+01
4.852999877929687500e+01
4.481000137329101562e+01
4.847999954223632812e+01
4.775999832153320312e+01
4.770999908447265625e+01
4.863999938964843750e+01
4.911000061035156250e+01
4.445999908447265625e+01
4.895000076293945312e+01
4.904000091552734375e+01
4.909999847412109375e+01
4.836000061035156250e+01
4.888000106811523438e+01
4.911999893188476562e+01
4.906000137329101562e+01
4.795000076293945312e+01
4.556999969482421875e+01
4.381999969482421875e+01
4.838000106811523438e+01
4.874000167846679688e+01
4.874000167846679688e+01
4.616999816894531250e+01
4.527000045776367188e+01
4.845000076293945312e+01
4.656999969482421875e+01
4.477999877929687500e+01
4.913000106811523438e+01
4.713000106811523438e+01
4.843999862670898438e+01
4.399000167846679688e+01
3.895000076293945312e+01
4.688000106811523438e+01
4.824000167846679688e+01
4.402000045776367188e+01
4.715000152587890625e+01
4.609000015258789062e+01
4.750000000000000000e+01
4.818999862670898438e+01
4.818000030517578125e+01
4.375000000000000000e+01
4.481000137329101562e+01
4.622000122070312500e+01
4.574000167846679688e+01
4.677000045776367188e+01
4.736000061035156250e+01
4.640999984741210938e+01
4.874000167846679688e+01
4.633000183105468750e+01
4.829999923706054688e+01
4.772000122070312500e+01
4.768000030517578125e+01
4.679999923706054688e+01
4.781999969482421875e+01
4.466999816894531250e+01
4.452000045776367188e+01
4.831000137329101562e+01
4.870999908447265625e+01
4.545000076293945312e+01
4.486999893188476562e+01
4.740999984741210938e+01
4.588999938964843750e+01
4.654000091552734375e+01
4.090000152587890625e+01
4.506999969482421875e+01
4.190000152587890625e+01
4.691999816894531250e+01
4.484999847412109375e+01
4.627999877929687500e+01
4.849000167846679688e+01
4.454999923706054688e+01
4.686999893188476562e+01
4.704000091552734375e+01
4.747000122070312500e+01
4.915999984741210938e+01
4.458000183105468750e+01
4.484000015258789062e+01
4.806999969482421875e+01
4.863999938964843750e+01
4.786999893188476562e+01
4.647999954223632812e+01
4.520000076293945312e+01
4.663999938964843750e+01
4.790999984741210938e+01
4.850000000000000000e+01
4.406999969482421875e+01
4.143000030517578125e+01
4.697000122070312500e+01
3.749000167846679688e+01
4.604000091552734375e+01
4.563999938964843750e+01
4.465999984741210938e+01
4.779000091552734375e+01
4.538000106811523438e+01
4.836000061035156250e+01
4.541999816894531250e+01
4.700000000000000000e+01
4.588000106811523438e+01
4.713999938964843750e+01
4.690999984741210938e+01
4.665999984741210938e+01
4.195000076293945312e+01
4.690999984741210938e+01
4.847000122070312500e+01
4.795000076293945312e+01
4.654000091552734375e+01
4.490999984741210938e+01
4.393000030517578125e+01
4.611999893188476562e+01
4.761000061035156250e+01
4.647000122070312500e+01
4.738000106811523438e+01
4.518999862670898438e+01
4.715000152587890625e+01
4.506999969482421875e+01
4.815000152587890625e+01
4.658000183105468750e+01
4.736000061035156250e+01
