1.197999954223632812e+01
3.069000053405761719e+01
3.745000076293945312e+01
4.193000030517578125e+01
4.365999984741210938e+01
4.533000183105468750e+01
4.949000167846679688e+01
5.052000045776367188e+01
5.263999938964843750e+01
5.343999862670898438e+01
5.393999862670898438e+01
5.497000122070312500e+01
5.604999923706054688e+01
5.527000045776367188e+01
5.588000106811523438e+01
5.674000167846679688e+01
5.722000122070312500e+01
5.768999862670898438e+01
5.797000122070312500e+01
5.808000183105468750e+01
5.820999908447265625e+01
5.863999938964843750e+01
5.886000061035156250e+01
5.866999816894531250e+01
5.845000076293945312e+01
5.870000076293945312e+01
5.845999908447265625e+01
5.808000183105468750e+01
5.856999969482421875e+01
5.850000000000000000e+01
5.804000091552734375e+01
5.829000091552734375e+01
5.875999832153320312e+01
5.890999984741210938e+01
5.875999832153320312e+01
5.859000015258789062e+01
5.875999832153320312e+01
5.863000106811523438e+01
5.884000015258789062e+01
5.913999938964843750e+01
5.870000076293945312e+01
5.793999862670898438e+01
5.865000152587890625e+01
5.888999938964843750e+01
5.834999847412109375e+01
5.874000167846679688e+01
5.879000091552734375e+01
5.872000122070312500e+01
5.879000091552734375e+01
5.863999938964843750e+01
5.847999954223632812e+01
5.899000167846679688e+01
5.895999908447265625e+01
5.868999862670898438e+01
5.920000076293945312e+01
5.911999893188476562e+01
5.808000183105468750e+01
5.902999877929687500e+01
5.877999877929687500e+01
5.859999847412109375e+01
5.904999923706054688e+01
5.861999893188476562e+01
5.831000137329101562e+01
5.850999832153320312e+01
5.865999984741210938e+01
5.865999984741210938e+01
5.852000045776367188e+01
5.870000076293945312e+01
5.868999862670898438e+01
5.900000000000000000e+01
5.877999877929687500e+01
5.856000137329101562e+01
5.886999893188476562e+01
5.831000137329101562e+01
5.890999984741210938e+01
5.858000183105468750e+01
5.888999938964843750e+01
5.875000000000000000e+01
5.856999969482421875e+01
5.865000152587890625e+01
5.854000091552734375e+01
5.836000061035156250e+01
5.865999984741210938e+01
5.827000045776367188e+01
5.806000137329101562e+01
5.888999938964843750e+01
5.875000000000000000e+01
5.838999938964843750e+01
5.858000183105468750e+01
5.840000152587890625e+01
5.859000015258789062e+01
5.793000030517578125e+01
5.768999862670898438e+01
5.845999908447265625e+01
5.850000000000000000e+01
5.783000183105468750e+01
5.802000045776367188e+01
5.797999954223632812e+01
5.847999954223632812e+01
5.840000152587890625e+01
5.825999832153320312e+01
5.836000061035156250e+01
5.781000137329101562e+01
5.790999984741210938e+01
5.845999908447265625e+01
5.829999923706054688e+01
5.813999938964843750e+01
5.795999908447265625e+01
5.799000167846679688e+01
5.775000000000000000e+01
5.809000015258789062e+01
5.800999832153320312e+01
5.799000167846679688e+01
5.779000091552734375e+01
5.800999832153320312e+01
5.800999832153320312e+01
5.838999938964843750e+01
5.829000091552734375e+01
5.811000061035156250e+01
5.784000015258789062e+01
5.840000152587890625e+01
5.827999877929687500e+01
5.779000091552734375e+01
5.765000152587890625e+01
5.806000137329101562e+01
5.849000167846679688e+01
5.770000076293945312e+01
5.804999923706054688e+01
5.833000183105468750e+01
5.816999816894531250e+01
5.799000167846679688e+01
5.777999877929687500e+01
5.750999832153320312e+01
5.766999816894531250e+01
5.800000000000000000e+01
5.759999847412109375e+01
5.797999954223632812e+01
5.831000137329101562e+01
5.779999923706054688e+01
5.777999877929687500e+01
5.815999984741210938e+01
5.786000061035156250e+01
5.808000183105468750e+01
5.791999816894531250e+01
5.768999862670898438e+01
5.802999877929687500e+01
5.802999877929687500e+01
5.833000183105468750e+01
5.790000152587890625e+01
5.834999847412109375e+01
5.809999847412109375e+01
5.849000167846679688e+01
5.750000000000000000e+01
5.806000137329101562e+01
5.831000137329101562e+01
5.786000061035156250e+01
5.800999832153320312e+01
5.818999862670898438e+01
5.811999893188476562e+01
5.797999954223632812e+01
5.783000183105468750e+01
5.768000030517578125e+01
5.747999954223632812e+01
5.772999954223632812e+01
5.718000030517578125e+01
5.790999984741210938e+01
5.795000076293945312e+01
5.738999938964843750e+01
5.781000137329101562e+01
5.781999969482421875e+01
5.758000183105468750e+01
5.781999969482421875e+01
5.752000045776367188e+01
5.770000076293945312e+01
5.768999862670898438e+01
5.765000152587890625e+01
5.750999832153320312e+01
5.775000000000000000e+01
5.765000152587890625e+01
5.752000045776367188e+01
5.763999938964843750e+01
5.756999969482421875e+01
5.761000061035156250e+01
5.786000061035156250e+01
5.768999862670898438e+01
5.761999893188476562e+01
5.774000167846679688e+01
5.775000000000000000e+01
5.786999893188476562e+01
5.761000061035156250e+01
5.745999908447265625e+01
5.758000183105468750e+01
5.729000091552734375e+01
5.784000015258789062e+01
5.766999816894531250e+01
5.779000091552734375e+01
5.745999908447265625e+01
5.793000030517578125e+01
5.772000122070312500e+01
5.777000045776367188e+01
