1.581999969482421875e+01
1.636000061035156250e+01
1.405000019073486328e+01
2.126000022888183594e+01
1.809000015258789062e+01
2.129000091552734375e+01
2.785000038146972656e+01
3.095999908447265625e+01
3.154000091552734375e+01
2.985000038146972656e+01
4.097999954223632812e+01
3.691999816894531250e+01
4.031000137329101562e+01
3.788000106811523438e+01
4.350999832153320312e+01
4.209000015258789062e+01
4.484999847412109375e+01
4.375999832153320312e+01
4.488000106811523438e+01
4.216999816894531250e+01
4.466999816894531250e+01
4.543999862670898438e+01
4.588999938964843750e+01
4.550000000000000000e+01
4.440999984741210938e+01
4.127999877929687500e+01
4.393000030517578125e+01
4.440000152587890625e+01
4.618999862670898438e+01
4.641999816894531250e+01
4.529000091552734375e+01
4.686999893188476562e+01
4.643999862670898438e+01
4.638999938964843750e+01
4.404000091552734375e+01
4.602999877929687500e+01
4.695000076293945312e+01
4.704999923706054688e+01
4.308000183105468750e+01
4.672000122070312500e+01
4.540999984741210938e+01
4.563999938964843750e+01
4.558000183105468750e+01
4.713999938964843750e+01
4.447999954223632812e+01
4.593000030517578125e+01
4.425999832153320312e+01
4.254999923706054688e+01
4.620000076293945312e+01
4.659999847412109375e+01
4.440000152587890625e+01
4.511999893188476562e+01
4.186000061035156250e+01
4.641999816894531250e+01
4.611000061035156250e+01
4.611999893188476562e+01
4.600999832153320312e+01
4.668000030517578125e+01
4.663000106811523438e+01
4.508000183105468750e+01
4.683000183105468750e+01
4.734999847412109375e+01
4.599000167846679688e+01
4.659000015258789062e+01
4.561000061035156250e+01
4.593000030517578125e+01
4.577999877929687500e+01
4.683000183105468750e+01
4.686999893188476562e+01
4.584000015258789062e+01
4.656999969482421875e+01
4.602999877929687500e+01
4.652999877929687500e+01
4.650999832153320312e+01
4.461000061035156250e+01
4.531999969482421875e+01
4.622999954223632812e+01
4.634000015258789062e+01
4.459000015258789062e+01
4.559000015258789062e+01
4.627999877929687500e+01
4.713999938964843750e+01
4.647000122070312500e+01
4.481999969482421875e+01
4.295999908447265625e+01
4.640999984741210938e+01
4.672000122070312500e+01
4.559000015258789062e+01
4.299000167846679688e+01
4.299000167846679688e+01
4.670999908447265625e+01
4.715000152587890625e+01
4.763000106811523438e+01
4.822999954223632812e+01
4.916999816894531250e+01
4.843999862670898438e+01
4.811000061035156250e+01
4.891999816894531250e+01
4.813999938964843750e+01
4.859999847412109375e+01
4.829999923706054688e+01
4.956999969482421875e+01
4.879999923706054688e+01
4.895999908447265625e+01
4.838000106811523438e+01
4.916999816894531250e+01
4.893999862670898438e+01
4.743000030517578125e+01
4.934999847412109375e+01
4.895999908447265625e+01
4.968999862670898438e+01
4.827999877929687500e+01
4.854999923706054688e+01
4.850000000000000000e+01
4.800000000000000000e+01
4.775000000000000000e+01
4.879999923706054688e+01
4.884000015258789062e+01
4.863999938964843750e+01
4.831000137329101562e+01
4.922999954223632812e+01
4.990999984741210938e+01
5.004000091552734375e+01
4.927000045776367188e+01
4.945999908447265625e+01
4.888000106811523438e+01
4.954000091552734375e+01
4.883000183105468750e+01
5.011999893188476562e+01
4.786999893188476562e+01
4.931999969482421875e+01
4.943999862670898438e+01
5.000999832153320312e+01
4.906999969482421875e+01
4.888000106811523438e+01
4.945999908447265625e+01
4.979000091552734375e+01
5.036999893188476562e+01
4.918000030517578125e+01
4.938000106811523438e+01
4.834000015258789062e+01
4.958000183105468750e+01
4.865000152587890625e+01
4.868000030517578125e+01
4.893999862670898438e+01
4.983000183105468750e+01
4.822999954223632812e+01
4.984000015258789062e+01
4.959999847412109375e+01
4.931000137329101562e+01
4.852000045776367188e+01
4.906999969482421875e+01
4.911999893188476562e+01
4.972999954223632812e+01
4.920000076293945312e+01
4.866999816894531250e+01
4.911000061035156250e+01
4.995000076293945312e+01
5.031999969482421875e+01
4.979999923706054688e+01
4.824000167846679688e+01
4.918000030517578125e+01
4.875999832153320312e+01
4.663000106811523438e+01
4.861000061035156250e+01
4.936000061035156250e+01
4.990000152587890625e+01
4.931999969482421875e+01
4.820000076293945312e+01
4.779000091552734375e+01
4.924000167846679688e+01
4.963999938964843750e+01
4.961000061035156250e+01
4.777999877929687500e+01
4.968000030517578125e+01
4.775999832153320312e+01
4.752999877929687500e+01
4.945999908447265625e+01
4.963000106811523438e+01
5.015000152587890625e+01
4.845000076293945312e+01
4.920000076293945312e+01
4.916999816894531250e+01
4.725000000000000000e+01
4.965999984741210938e+01
4.911999893188476562e+01
4.906999969482421875e+01
4.843000030517578125e+01
4.956999969482421875e+01
4.895000076293945312e+01
4.838999938964843750e+01
4.879000091552734375e+01
4.870999908447265625e+01
4.904000091552734375e+01
4.904999923706054688e+01
4.829000091552734375e+01
4.738000106811523438e+01
4.856000137329101562e+01
4.975999832153320312e+01
4.875999832153320312e+01
