1.054561512762680175e+00
8.580664989284493283e-01
8.935546850517218642e-01
8.919717216701645857e-01
7.973955304828284074e-01
8.039028550859169675e-01
6.905495385764960359e-01
6.905495385764960359e-01
7.212812688450018772e-01
7.475393425957286286e-01
7.355413183472198080e-01
6.271805718854212008e-01
6.271805718854212008e-01
6.271805718854212008e-01
5.716594592539486763e-01
6.437056965024126054e-01
5.938694817330605336e-01
5.889685371425001925e-01
5.835317011068799076e-01
5.838496173908508391e-01
5.095366969373491539e-01
6.014575450991590522e-01
5.766467948166758006e-01
4.587279278295811058e-01
4.556751670139911892e-01
4.448283213398662728e-01
5.465966766958053613e-01
4.298115041818936222e-01
4.115907600389224763e-01
3.306798640758760732e-01
3.745486669824458770e-01
4.015030928874492311e-01
4.007713688577219657e-01
3.060701218293510606e-01
2.987711481220435839e-01
2.616110216591728266e-01
2.841870885107367073e-01
1.859730842861386790e-01
1.964037805887938748e-01
1.806048608306561887e-01
2.980447330289513475e-01
2.523173217839238536e-01
2.050413146846171708e-01
1.542900936916835886e-01
3.256310385022381237e-01
2.287120343999104466e-01
1.801197903204658501e-01
2.546798784378838110e-01
2.001208231595523190e-01
1.157427167275454638e-01
1.993265072224489065e-01
1.968650107920767167e-01
1.128909399041280459e-01
2.077147307669029441e-01
1.322025751730332432e-01
1.301301125075315090e-01
1.389617743479512058e-01
1.526363010278782295e-01
1.043267156106029853e-01
7.775587858288293686e-02
5.837515287951602211e-02
1.494383559838935172e-01
1.003789643584276498e-01
1.371891483890923247e-01
1.315121509450573323e-01
1.303223745050030580e-01
3.237369750636145960e-02
1.158164043151424655e-01
1.488747590477827454e-01
1.140201082743001471e-01
1.031762835879246609e-01
1.370913658298862081e-01
1.434577381286769038e-01
1.149989392020628332e-01
7.159914760462046668e-02
5.412175208388908532e-02
8.648886565632502021e-02
1.267825623041684002e-01
3.800469979999915315e-02
1.016278291757972546e-01
6.446747433424494800e-02
7.884873062565601887e-02
3.934362776347469226e-02
3.497379108299145112e-02
7.184096373456946849e-02
8.536629522768793277e-02
9.538747913827531899e-02
1.024954313429721764e-01
3.666945406086587200e-02
5.788740459507057262e-02
8.018741423143144198e-02
6.384436193980815022e-02
1.149804629772704090e-01
4.970347154042009663e-02
7.250904360709313490e-02
7.459419787331778018e-02
5.533377499366080865e-02
7.629275542414161448e-02
4.123156430135157396e-02
5.755445208378891925e-02
3.863891964922894218e-02
5.288860455908275110e-02
2.750493485462951818e-02
8.444077782637782192e-02
4.084124090989677686e-02
3.283247995729675350e-02
5.651848269377133388e-02
1.641886501741676024e-02
3.426634980120418089e-02
1.179293654275373748e-01
6.597803579912038530e-02
6.216208235245823666e-02
4.743170139551795145e-02
4.425927099706846585e-02
4.115274080594481798e-02
3.536220422920149931e-02
3.450252321849721360e-02
7.013439502044890861e-02
6.974856644769411584e-02
9.183197323665889811e-02
5.092250599456523558e-02
3.702557147615152811e-02
4.135495025688504245e-02
4.213327675985903409e-02
5.172262579633657431e-02
3.870111006108883922e-02
1.652148446249198516e-02
5.292535982475075201e-02
6.349251566141776715e-02
3.338663356381244007e-02
1.980985722162901738e-02
6.276094070675754255e-02
6.276094070675754255e-02
1.037173034012084730e-02
1.081274241940990977e-01
2.506633592477057124e-02
5.319082818599930873e-02
1.048613581668325079e-01
4.462689050595677193e-02
4.462689050595677193e-02
6.210478771526613262e-02
3.525514016684996171e-02
4.928356062356908929e-02
1.503558954044550457e-02
1.450503702609259871e-01
3.062821569613944847e-02
6.043008493916326995e-02
8.202398338625332963e-02
3.658196536870398502e-02
2.617280123167911587e-02
6.864650481511264113e-02
2.071627325949385034e-02
1.467474659688040861e-02
2.494320470145617794e-02
3.210436853174156863e-02
3.433947940502953683e-02
1.991967544518663882e-02
2.736524087839424177e-02
1.303587739573815185e-02
2.695296656818881378e-02
4.897405081444096420e-02
7.087219007112656455e-02
5.016821256695670750e-02
2.825338238363022184e-02
5.626282913661157653e-02
4.632427605044726199e-02
3.309603694454921197e-02
1.749732724172083087e-02
7.821380850492515996e-03
2.151068636636951220e-02
4.090784711866615742e-02
2.436613003036553968e-02
3.497526268881733652e-02
3.432101476735705675e-02
1.721430731612605403e-02
2.816933532446522920e-02
2.179620708530967399e-02
5.485518821855668581e-02
5.788287292233279535e-02
2.329895319092665021e-02
1.775406328477779211e-02
1.277307521109610246e-02
1.552444196740836169e-02
4.962024285763595027e-02
5.641835746333680873e-02
6.745849926910825467e-02
1.169546199976070379e-02
4.822989840023518548e-02
1.720795579816710927e-02
1.477202305672201468e-02
3.689940214537910934e-02
2.001002027957961976e-02
3.526668168073072290e-02
2.543124846334806483e-02
2.815416886123512513e-02
3.263414635362787974e-02
9.441654426559392688e-03
2.320329485326223795e-02
2.167372891430886447e-02
2.277857049690724944e-02
