1.060700223344202886e+00
9.987668191225269609e-01
9.082211482202782182e-01
8.743429177347460390e-01
8.482167602817506369e-01
8.204701388488521152e-01
7.916222104296601891e-01
7.768578735332133389e-01
7.839899785759625317e-01
7.416110823050456879e-01
7.260141180185868404e-01
7.029601442586077553e-01
6.597473577059964622e-01
6.501472916823037851e-01
6.274768787511529888e-01
6.106104474490191558e-01
5.749595404539759036e-01
5.826133083485012243e-01
5.705403084198760189e-01
5.024549426541308206e-01
4.935940326797729205e-01
4.839548880201724468e-01
4.652978803516458761e-01
4.345158888752647663e-01
3.848449931398074675e-01
3.769966043345444606e-01
3.671301140011236641e-01
3.156471007682447594e-01
2.869334458910616226e-01
3.010930532024008732e-01
2.294011333640262329e-01
2.314027513882372378e-01
2.229309774575338743e-01
2.154533085838522266e-01
2.243380461967631190e-01
2.042917513113953754e-01
1.792031768068278186e-01
1.982488298433348339e-01
1.380806064473689976e-01
1.713646611795115460e-01
1.617340962439016983e-01
1.449774709878744461e-01
1.379945872523424266e-01
1.584818818703215004e-01
1.125839477837648483e-01
1.515470154011490100e-01
1.192359823158697374e-01
1.252312179128192704e-01
1.185446733065841363e-01
1.269063389719655988e-01
1.566317474765747120e-01
1.421557508885601950e-01
1.539067123716073293e-01
9.432540938316118229e-02
1.132262146715300455e-01
1.215148003276935729e-01
1.035299179847410100e-01
9.691823896328755072e-02
1.009151629248970644e-01
8.100415653314782527e-02
1.265887121881142108e-01
7.735925753948474926e-02
9.013180406035156689e-02
9.710953239725403363e-02
8.489014649198017848e-02
7.344489369802253975e-02
7.263694920453583892e-02
8.702629070976870829e-02
9.680051484719383315e-02
7.459925449367073302e-02
7.192660231386814595e-02
7.245810098585873937e-02
6.143784609689620368e-02
8.568337772599821101e-02
7.399089313919418598e-02
5.639905074921274658e-02
7.650213064129515739e-02
6.066385810829296593e-02
6.312319105864398761e-02
7.017927010528138276e-02
4.392646067904041468e-02
5.432658302012451784e-02
5.003865919857719557e-02
4.809169087541974308e-02
7.112040727009058538e-02
5.503382017910559559e-02
6.872074001601247151e-02
6.290603535250537115e-02
3.495643398379095351e-02
6.388536093298277652e-02
4.433048511621348609e-02
4.562968007845032842e-02
3.575809803488462502e-02
7.360323376209600144e-02
5.641171687056738271e-02
5.310322188469017435e-02
3.579261816285349285e-02
3.598656984336982834e-02
4.473340607341347308e-02
2.468371631091612062e-02
5.726204692965849302e-02
3.398542403835436154e-02
4.001104041025142083e-02
3.059556035167330587e-02
7.477610533948703120e-02
4.213902005645513149e-02
4.389019378867391880e-02
2.879369023180756992e-02
1.986349589840569543e-02
5.793727410931694827e-02
4.617971189917327579e-02
1.944254487037615914e-02
5.186838417019313391e-02
3.252413018420863278e-02
3.401233814024071794e-02
3.108839221064662456e-02
3.362931774385237438e-02
5.290440828199026446e-02
3.296600549109870992e-02
3.646844637876959366e-02
3.059608516605944947e-02
2.088761576974731277e-02
2.089181279959349824e-02
3.392138444931308561e-02
2.803154108691807700e-02
3.137233725740659618e-02
3.036094447080156522e-02
3.873490543504661682e-02
1.733378358244320322e-02
3.271063719990431606e-02
3.305228136314489890e-02
4.199936449696908131e-02
2.176626204645023405e-02
2.824111705298193442e-02
3.550244042205392969e-02
2.002415373808773269e-02
1.841773561236043771e-02
3.900406742173022356e-02
1.898905352640751706e-02
1.566196405922393176e-02
2.766879526829821995e-02
2.052435029937267619e-02
1.977191475994539288e-02
1.897867292790558075e-02
2.392757211209618415e-02
2.530307665469807774e-02
2.694032220724816920e-02
3.000888904176782224e-02
2.287190257808194294e-02
2.578012908359487293e-02
1.319538576300298936e-02
2.695298972102144058e-02
3.444278383574300023e-02
1.990880437049153892e-02
3.241367212207407061e-02
1.964568942648420649e-02
1.414598919239648013e-02
2.626723435542671972e-02
2.496142193504693671e-02
2.650028774541458160e-02
3.155380409274875786e-02
1.845623451605055837e-02
9.338037531099022820e-03
1.388140763232023275e-02
4.144578919109855042e-02
1.692911289938861183e-02
1.238668016459812740e-02
2.684659959861547887e-02
2.218214373994472147e-02
2.838112711296394280e-02
2.923778569787818110e-02
1.736888450151280114e-02
1.775813578672232398e-02
1.846944980278842144e-02
2.016029167306398681e-02
2.959340887898698202e-02
1.837950536000438131e-02
1.297795436840068484e-02
2.793368493293336280e-02
1.065935855679417746e-02
1.308384601249123688e-02
1.724099148534873754e-02
1.398861091671814612e-02
8.471330551607350948e-03
1.129530487969946338e-02
2.237366343566185578e-02
1.568836713673725167e-02
7.267480998183478355e-03
3.412713692205691929e-02
1.162428451247454579e-02
1.745643110644942361e-02
9.252076816540113005e-03
1.778881781339318111e-02
1.880197076055172001e-02
1.162380827684657454e-02
1.918657497566403705e-02
1.463778847057225531e-02
9.326087767524257957e-03
1.576256212623537364e-02
1.782234553102744409e-02
