1.065879035650424633e+00
9.293897880027378600e-01
9.170320368109223796e-01
8.643001712451028329e-01
7.672339043583100704e-01
7.414685154079302398e-01
7.140766603326615947e-01
6.844933885366067949e-01
6.661652696962114817e-01
6.761191688381446019e-01
6.307368604931979927e-01
5.881288690102647321e-01
5.519734529969642089e-01
6.051781088301003697e-01
5.407624978548855044e-01
5.222223339992669855e-01
4.604414212220599434e-01
5.060548473561137239e-01
4.458678242874241637e-01
4.250416983265090098e-01
4.425310786297069754e-01
4.056174809304560203e-01
3.075841721150855967e-01
3.321713841057160610e-01
2.449842300115497029e-01
3.000788665799951072e-01
2.022303717733550388e-01
2.132858060305817260e-01
2.269626740338084869e-01
1.438177473533815420e-01
2.096468482710854009e-01
2.195711126901503940e-01
1.694241688681250857e-01
1.361688223938809228e-01
2.288497035475948738e-01
2.005301848689554078e-01
1.705934234769319879e-01
2.365089555943873378e-01
8.213121696972332242e-02
1.528434427059505440e-01
9.629675518832907233e-02
1.553516239986492964e-01
1.156607698617024421e-01
8.934881403106025022e-02
1.123358869306770730e-01
1.068584917080852154e-01
9.397784964351379999e-02
8.353876823290685982e-02
1.017372378265331001e-01
8.569853307483613070e-02
1.481276218043856563e-01
8.733442337992122773e-02
7.385213736757172132e-02
8.025632005128971458e-02
4.625041033309169186e-02
4.292889304146837309e-02
1.225759777398183759e-01
4.789621574025516859e-02
4.444180514673229387e-02
1.028963972860641035e-01
5.147208088466530274e-02
7.971592579484453045e-02
3.279376589455533508e-02
5.063035218725230741e-02
5.935874734284134202e-02
9.289744262180102408e-02
5.456385818148755396e-02
6.992233018190896487e-02
4.393196539712402454e-02
5.477221544335277026e-02
5.134264735749391462e-02
4.141850813473459125e-02
4.537278169300053982e-02
5.680873936337812319e-02
7.437753229075308448e-02
5.414099241539747226e-02
5.910491149492862195e-02
5.986649542730232421e-02
6.922487117353715025e-02
4.119264587791285348e-02
3.583190198618869948e-02
4.974183760170555052e-02
5.346553320459226238e-02
4.203670752739273320e-02
3.366427089669135619e-02
4.871845099174038074e-02
2.302213215635042637e-02
2.471632556148479001e-02
3.575355836600437043e-02
2.634666038029037649e-02
1.528977455532300189e-02
4.033924778887784668e-02
2.405903034742345667e-02
2.635044272305051699e-02
3.834501643916332636e-02
1.413185719109175814e-02
3.024023306881234302e-02
2.791690124739244772e-02
2.731963308920640210e-02
2.301178970922079792e-02
2.625828229152728926e-02
4.109392809024751958e-02
2.294083030562277942e-02
1.752555789765431610e-02
2.620896977663845703e-02
2.736125036160322321e-02
3.427443030802058976e-02
2.622384575109810295e-02
2.857750631837415248e-02
2.445395726177438875e-02
2.942224747237254592e-02
1.989035113947607014e-02
9.829883293396129637e-03
4.127711517445505074e-02
5.766051626734541857e-02
2.392818569958894345e-02
2.454701052443092335e-02
2.066442727861836706e-02
2.133443980015017200e-02
2.201456657874058601e-02
2.976984340565196063e-02
2.107202287038384761e-02
1.750173114846147876e-02
2.511824550951681501e-02
1.880343366202057859e-02
1.170382433860643612e-02
1.682044053670696954e-02
1.118716769993104501e-02
6.949679247339714955e-03
2.510188686712605532e-02
1.755054156590389949e-02
1.988582570913544414e-02
1.171414766194833756e-02
1.797970102991226435e-02
1.591941046792705317e-02
1.173676353624149640e-02
3.841319140938193738e-02
2.073541711600707105e-02
1.380972048803544641e-02
1.811883310195716926e-02
2.279203918819218411e-02
1.205277411925693813e-02
2.202234442665684452e-02
1.098292763632609248e-02
9.721406374727042943e-03
1.215404488753644811e-02
2.270103575137664628e-02
2.263976307280630984e-02
2.385061419925503870e-02
1.478294707093257172e-02
2.002990407268660442e-02
2.633366398289859606e-02
1.214650621857859235e-02
1.424773301514650412e-02
8.532207994700289136e-03
1.193545392102102025e-02
1.926006374421276868e-02
1.875466596367927549e-02
1.069067106539345335e-02
1.195516561798672106e-02
1.929071506576125403e-02
1.012808888617675908e-02
1.523830148644969053e-02
3.814938582889974925e-03
1.479692540057926664e-02
1.574733218215655650e-02
7.229752195506444247e-03
6.749383747575397711e-03
6.041934621386162683e-03
1.975769741919694913e-02
6.151420340942255656e-03
3.585673640329675033e-02
1.361680720103198954e-02
4.155812199606209213e-03
1.565844841023485839e-02
1.248709428071183292e-02
2.058674897625238989e-02
4.842373363431655940e-03
8.446666263680110975e-03
6.922491694814354724e-03
8.762734078948584970e-03
1.941528906557430170e-02
1.274777592745440780e-02
4.585449627399436345e-03
1.316268014675123221e-02
1.178575877428937081e-02
8.565369747623197486e-03
1.077979306553895900e-02
2.243416884618486609e-02
3.233295089720088222e-02
1.077901820088057391e-02
5.354693597854967568e-03
8.919426418502565332e-03
1.283831873037248085e-02
2.426062117008911338e-03
2.615365697746558846e-02
9.138479444948189104e-03
8.842051345811743901e-03
2.564895116088286228e-02
9.637184939226328684e-03
