1.741102440536022034e+00
1.567716697613398269e+00
1.377898596721035984e+00
1.231418885106841721e+00
1.138900477075576845e+00
1.006805447448045010e+00
9.536437665472426994e-01
8.749538856191294567e-01
7.994788384921848179e-01
7.082501904749207711e-01
6.705453144037164526e-01
5.763038000451633502e-01
5.864809004117010893e-01
4.699212844640548448e-01
4.575858787888040236e-01
4.049417589840886844e-01
3.818820791544858539e-01
3.837376635602849917e-01
3.254140823667868720e-01
3.285878478531812918e-01
2.799789684366486564e-01
3.089192850612517693e-01
2.745566340315912512e-01
2.687872876600271854e-01
2.596541403008547633e-01
2.152411900136503298e-01
2.307381138810422061e-01
2.082700830815325810e-01
1.997294573973340259e-01
2.377345092967346751e-01
1.686594566997228206e-01
1.846525399884238194e-01
1.890707365489142922e-01
1.552440409685535982e-01
1.891807914154536308e-01
1.928556767982536058e-01
1.421241669847351785e-01
1.689510179124801559e-01
1.255871165867041006e-01
1.632762681090874357e-01
1.659850892629401442e-01
1.274085130416315326e-01
1.445465514481835689e-01
1.442471976091728725e-01
1.137228502994338530e-01
1.491637683397469272e-01
1.224995422639294923e-01
1.285276085735357066e-01
1.306412060007656473e-01
1.367680181847041321e-01
1.978439690421233688e-01
1.619675907088749534e-01
1.682973889077893082e-01
1.036551248500125338e-01
1.383263094564783358e-01
1.391265963243220050e-01
1.282535026539003420e-01
1.293787110437090992e-01
1.050690657858860677e-01
9.454755491628528963e-02
1.476391432569318374e-01
9.264282987418967497e-02
9.642012675742714367e-02
1.206370084119225972e-01
9.591150840347381634e-02
1.019238236380600321e-01
9.433561572463401712e-02
1.115653035306438390e-01
1.130640408605476099e-01
9.477834191654692375e-02
8.939197721072419944e-02
8.308917003550705949e-02
7.180021043290699123e-02
1.101507438034997899e-01
8.867878030317223603e-02
7.788812520165569464e-02
1.084098502493077848e-01
6.876803319038136963e-02
8.597228749481898580e-02
1.110424072468107620e-01
6.047091076044412011e-02
7.847170563734454096e-02
5.951929431266143877e-02
6.705914256006581531e-02
1.033502285240214535e-01
5.863232002922314640e-02
9.043674886628341736e-02
8.616504290572467306e-02
4.237549421821001222e-02
9.272421349641227217e-02
5.788126353233692678e-02
5.402173717340118253e-02
5.900066278090535660e-02
1.173886985744650585e-01
7.313310796709146522e-02
7.446841382250495023e-02
5.577916787940685739e-02
4.739183296112860905e-02
5.350915141864061308e-02
4.458090094149034371e-02
6.352420360684259137e-02
4.879040781044823027e-02
7.765124050274099798e-02
3.601878870060136462e-02
9.979060118660172674e-02
7.054707769097755266e-02
6.752577086382370586e-02
4.052073660526245291e-02
2.622338255386894718e-02
9.962129927971080656e-02
7.056697380632341587e-02
3.111998104055126516e-02
7.044784378561598503e-02
6.154946312567698835e-02
4.969957546433775158e-02
4.194988859749921445e-02
5.357464252195071053e-02
8.958307832613961186e-02
5.320573495807821157e-02
5.534265590804643420e-02
4.319728595386886083e-02
3.848091517505454473e-02
2.782643015441298856e-02
7.428253065742808359e-02
5.043211465649155567e-02
3.657571300837887673e-02
5.423378302634188075e-02
4.413802027568345526e-02
3.564737362715845320e-02
5.878113578474458700e-02
3.248615092559316297e-02
8.320551027082576101e-02
3.401040361121227679e-02
3.839883148069629659e-02
4.588251446512085774e-02
3.809904934606912763e-02
2.709375542669488490e-02
7.769449446360146561e-02
3.030604406430828512e-02
2.350304214996503868e-02
5.572947444072094692e-02
1.923280831146203032e-02
2.574112662966638460e-02
2.904511949592924330e-02
5.028722538514435181e-02
3.828084818100324638e-02
3.932117146926634998e-02
5.054920621861347385e-02
2.218470386208076101e-02
5.686592356854913710e-02
2.207514963072204628e-02
5.145555352985643760e-02
8.100472909895138629e-02
2.323673658464019826e-02
4.136492534900624435e-02
4.967308951568363135e-02
1.660538319180777933e-02
4.165102344754248453e-02
3.310634416760166454e-02
4.436324738386696748e-02
8.326841947808918953e-02
2.998191831106532951e-02
8.204868367284689351e-03
3.484168751079272375e-02
8.371393883560226956e-02
3.076750770749853148e-02
1.502888693126408493e-02
4.528215729524754513e-02
4.013693835117777831e-02
2.890598543012596819e-02
5.314670378010633023e-02
4.777022338042290206e-02
1.934962134424674657e-02
3.512406432259215089e-02
2.808878310916807647e-02
4.951270105353838824e-02
2.776261414508255504e-02
4.144032802415827804e-02
2.564530854869317283e-02
3.326713617192383204e-02
2.652214255531892134e-02
4.567454878417084169e-02
6.666283336198678550e-03
2.688762074466621160e-02
1.987679170816700550e-02
4.933156808335451005e-02
1.972143828339784771e-02
2.373498847839587006e-02
4.966973635264307352e-02
1.401497823048590899e-02
1.178834581786775484e-02
5.521866598326992392e-03
5.232909372486264921e-02
2.749937921159839593e-02
1.620665479606447218e-02
3.303427187163266582e-02
1.892744620746456344e-02
1.557954775905434110e-02
1.732230738478478943e-02
2.468160976426165415e-02
