9.689173918186769763e-01
8.892161932196214202e-01
8.677928519639145355e-01
7.893239985603757169e-01
7.302813185394985140e-01
7.195395675804830971e-01
6.870722193255979215e-01
6.571400840240113617e-01
6.204033630485925599e-01
5.690052667197158520e-01
5.810582687732659402e-01
5.483641772812519743e-01
5.431082471913003529e-01
4.549322825607878817e-01
4.740318251159736374e-01
4.270090889587133676e-01
3.561161047375747679e-01
3.703040283484550499e-01
3.502750984949604129e-01
2.832211915953478099e-01
2.766413910802102416e-01
2.839642341956021832e-01
2.112421464624814615e-01
2.066215278039556513e-01
1.604531460432369050e-01
1.851620227975009358e-01
1.041060919059986628e-01
1.498340522178449319e-01
1.285859982084773812e-01
1.371047514938604495e-01
9.385303409959554199e-02
1.159831616213970740e-01
8.454749694356954171e-02
8.751075762656997103e-02
8.189487522421176613e-02
6.869531036300835503e-02
7.024554990028594736e-02
7.021511190417373260e-02
5.785351671619180791e-02
6.058322046110171943e-02
4.999205582672835990e-02
5.399325279478637413e-02
3.324059720841605892e-02
5.577237276823395623e-02
2.221434976935798833e-02
3.406984912160403861e-02
3.893508386159754558e-02
3.516386824210095130e-02
4.853464674695862763e-02
3.636719614823129970e-02
4.259668271218617491e-02
7.990485222933660370e-02
1.931050837127518127e-02
6.008622114235784989e-02
4.212025619893569606e-02
4.150240211741276081e-02
3.533343339967674052e-02
2.688512546965795419e-02
1.414567773084274629e-02
4.144083290506282713e-02
2.344833775513064170e-02
3.297269298158897466e-02
1.991995889979283549e-02
2.064516624763878747e-02
1.545097371001846395e-02
1.810131901667302173e-02
7.290779628257576875e-03
3.507203828490317726e-02
2.662258172554573393e-02
2.161922421347861265e-02
1.053147602281919067e-02
1.915583875593708518e-02
2.065852937412585716e-02
8.855156358729287039e-03
1.776902436032859120e-02
2.348488334735256838e-02
1.366492429926751198e-02
8.429915067208271565e-03
1.537270172081744470e-02
2.274258054434977541e-02
2.021370379330247533e-02
1.325415840748174826e-02
6.749653250812737322e-03
1.608543923198706496e-02
5.456795744796687393e-03
1.685191501472809578e-02
9.710174576920050163e-03
1.416538622772228924e-02
3.569293584109115014e-02
3.021973298565749574e-02
9.004619564897171913e-02
1.216147327645228093e-01
1.360871869048092819e-01
9.092467038077009511e-02
1.068243033166727668e-01
5.997206444780928819e-02
9.378660638152672147e-02
7.347121272490360344e-02
8.479914891291476242e-02
6.679230415474744775e-02
1.061768993165670416e-01
6.027491900728858265e-02
6.291454102069636567e-02
8.120001546087289579e-02
7.181048246800002255e-02
6.866130382975736690e-02
6.352131492858727191e-02
4.632518883876624721e-02
5.169708741548085379e-02
3.892797657198714123e-02
5.270515748363421848e-02
4.610262360605003884e-02
2.793711517553439799e-02
4.359656524312793130e-02
3.732508180104384538e-02
3.221202099545619757e-02
4.105399284474985783e-02
2.303465787216077421e-02
3.810298192958833097e-02
3.034397600501225617e-02
2.567543518150326720e-02
2.827896857758888799e-02
2.228894347699211798e-02
2.926208456506370834e-02
3.200225272469803262e-02
2.014115507972776345e-02
1.843149755281425078e-02
2.298604037273126177e-02
1.688393666294459028e-02
2.040960602855963757e-02
2.625439303816656453e-02
2.134224806150086459e-02
1.618327316089871945e-02
1.711962362076702854e-02
2.028505846245765715e-02
2.054948429771330520e-02
1.122424687010461358e-02
2.682344294478320595e-02
1.478066482649637893e-02
1.449192456481851986e-02
2.694233167665700812e-02
2.106225333109863762e-02
2.561847370898801685e-02
1.407975328762505959e-02
1.845202021696615291e-02
1.120500380293759819e-02
2.146250256434333037e-02
1.263602105874995010e-02
1.380297416403112633e-02
1.003539936058753246e-02
6.709875058554058865e-03
1.414355344174490076e-02
1.181311463798709500e-02
2.609177871830893614e-02
1.206109225579617486e-02
1.156763530204864623e-02
1.144955503522670018e-02
1.228977946745121036e-02
1.842889446094671604e-02
1.224071053715496300e-02
1.494499819163600841e-02
1.274579782924384688e-02
1.382962766686552519e-02
6.930032160511132196e-03
1.118417703515272796e-02
1.216963958673921570e-02
1.835610084446945636e-02
8.433376524148704714e-03
7.951843299426834127e-03
1.220464237972112079e-02
6.707736555810249121e-03
1.080658145280892837e-02
1.367753662559681102e-02
8.574770201576632778e-03
1.376298499769436530e-02
1.926618050920037364e-02
1.157258980516078298e-02
1.653280189547111367e-02
1.001467139541619387e-02
7.112090582458652221e-03
2.109303163683543675e-02
9.520422021223695283e-03
1.506195204388881097e-02
1.861471291722654325e-02
1.547674097372272149e-02
9.573918942563050885e-03
7.879082981893277549e-03
9.056762979628249499e-03
1.028150425848680175e-02
1.134573656137710142e-02
6.803331761240170861e-03
8.083179613717713166e-03
1.101174347919449924e-02
1.586206090721466871e-02
9.574674010340003191e-03
1.332701429286575756e-02
8.395281751617763785e-03
7.377013948982192280e-03
1.065475949074433208e-02
1.403016256520743348e-02
