1.031999969482421875e+01
4.122000122070312500e+01
8.262999725341796875e+01
9.138999938964843750e+01
9.091000366210937500e+01
9.009999847412109375e+01
9.280999755859375000e+01
9.325000000000000000e+01
9.333999633789062500e+01
9.469000244140625000e+01
9.441999816894531250e+01
9.529000091552734375e+01
9.505000305175781250e+01
9.576999664306640625e+01
9.555000305175781250e+01
9.583999633789062500e+01
9.576999664306640625e+01
9.606999969482421875e+01
9.622000122070312500e+01
9.627999877929687500e+01
9.622000122070312500e+01
9.672000122070312500e+01
9.675000000000000000e+01
9.668000030517578125e+01
9.672000122070312500e+01
9.691000366210937500e+01
9.663999938964843750e+01
9.687999725341796875e+01
9.688999938964843750e+01
9.702999877929687500e+01
9.702999877929687500e+01
9.693000030517578125e+01
9.706999969482421875e+01
9.684999847412109375e+01
9.731999969482421875e+01
9.694999694824218750e+01
9.705999755859375000e+01
9.734999847412109375e+01
9.740000152587890625e+01
9.719999694824218750e+01
9.729000091552734375e+01
9.754000091552734375e+01
9.741000366210937500e+01
9.770999908447265625e+01
9.783000183105468750e+01
9.741999816894531250e+01
9.730000305175781250e+01
9.743000030517578125e+01
9.762000274658203125e+01
9.744999694824218750e+01
9.763999938964843750e+01
9.758999633789062500e+01
9.748999786376953125e+01
9.766000366210937500e+01
9.766000366210937500e+01
9.769000244140625000e+01
9.777999877929687500e+01
9.769999694824218750e+01
9.773000335693359375e+01
9.769999694824218750e+01
9.766999816894531250e+01
9.763999938964843750e+01
9.773999786376953125e+01
9.777999877929687500e+01
9.766000366210937500e+01
9.773999786376953125e+01
9.776999664306640625e+01
9.779000091552734375e+01
9.783999633789062500e+01
9.783999633789062500e+01
9.791000366210937500e+01
9.793000030517578125e+01
9.787000274658203125e+01
9.788999938964843750e+01
9.784999847412109375e+01
9.769999694824218750e+01
9.809999847412109375e+01
9.797000122070312500e+01
9.805999755859375000e+01
9.788999938964843750e+01
9.798999786376953125e+01
9.798000335693359375e+01
9.805999755859375000e+01
9.804000091552734375e+01
9.808999633789062500e+01
9.811000061035156250e+01
9.798000335693359375e+01
9.815000152587890625e+01
9.806999969482421875e+01
9.813999938964843750e+01
9.816999816894531250e+01
9.808000183105468750e+01
9.800000000000000000e+01
9.816000366210937500e+01
9.794999694824218750e+01
9.816999816894531250e+01
9.808999633789062500e+01
9.813999938964843750e+01
9.806999969482421875e+01
9.811000061035156250e+01
9.805999755859375000e+01
9.823000335693359375e+01
9.823999786376953125e+01
9.823000335693359375e+01
9.808000183105468750e+01
9.815000152587890625e+01
9.819000244140625000e+01
9.837000274658203125e+01
9.816000366210937500e+01
9.820999908447265625e+01
9.797000122070312500e+01
9.794999694824218750e+01
9.825000000000000000e+01
9.826000213623046875e+01
9.826000213623046875e+01
9.819999694824218750e+01
9.834999847412109375e+01
9.837999725341796875e+01
9.830999755859375000e+01
9.813999938964843750e+01
9.816999816894531250e+01
9.816999816894531250e+01
9.811000061035156250e+01
9.823000335693359375e+01
9.836000061035156250e+01
9.838999938964843750e+01
9.830999755859375000e+01
9.812999725341796875e+01
9.825000000000000000e+01
9.841000366210937500e+01
9.819999694824218750e+01
9.826999664306640625e+01
9.830000305175781250e+01
9.837000274658203125e+01
9.833999633789062500e+01
9.826999664306640625e+01
9.826999664306640625e+01
9.829000091552734375e+01
9.831999969482421875e+01
9.833999633789062500e+01
9.840000152587890625e+01
9.826999664306640625e+01
9.829000091552734375e+01
9.825000000000000000e+01
9.812999725341796875e+01
9.818000030517578125e+01
9.823999786376953125e+01
9.826999664306640625e+01
9.833000183105468750e+01
9.830999755859375000e+01
9.820999908447265625e+01
9.830999755859375000e+01
9.830000305175781250e+01
9.833999633789062500e+01
9.833000183105468750e+01
9.837999725341796875e+01
9.844999694824218750e+01
9.841000366210937500e+01
9.836000061035156250e+01
9.841000366210937500e+01
9.838999938964843750e+01
9.841000366210937500e+01
9.847000122070312500e+01
9.850000000000000000e+01
9.844999694824218750e+01
9.841999816894531250e+01
9.844000244140625000e+01
9.845999908447265625e+01
9.830000305175781250e+01
9.848999786376953125e+01
9.851000213623046875e+01
9.831999969482421875e+01
9.843000030517578125e+01
9.838999938964843750e+01
9.851000213623046875e+01
9.841000366210937500e+01
9.837999725341796875e+01
9.845999908447265625e+01
9.848000335693359375e+01
9.845999908447265625e+01
9.844000244140625000e+01
9.838999938964843750e+01
9.843000030517578125e+01
9.845999908447265625e+01
9.833000183105468750e+01
9.852999877929687500e+01
9.858000183105468750e+01
9.841999816894531250e+01
9.865000152587890625e+01
9.837999725341796875e+01
9.836000061035156250e+01
9.845999908447265625e+01
9.840000152587890625e+01
9.851999664306640625e+01
9.837999725341796875e+01
9.851999664306640625e+01
9.851000213623046875e+01
9.851000213623046875e+01
9.851999664306640625e+01
9.845999908447265625e+01
