8.414564411745348860e-01
6.990671250456578223e-01
5.741372742185999467e-01
4.126866056325916854e-01
2.970112824202228441e-01
2.816945263985223824e-01
2.988026379710429503e-01
2.045335434657748197e-01
1.388941080506945203e-01
1.781423949814522067e-01
1.426051298470076556e-01
2.090882643800968110e-01
1.937008536640620615e-01
1.627617396009109207e-01
1.822465541969997271e-01
1.892117209334923944e-01
1.311766379676369276e-01
1.257662486182106187e-01
1.257662486182106187e-01
1.423694935961637431e-01
1.527576369055155259e-01
1.451647912063927792e-01
1.106791203729285550e-01
1.389434768235592310e-01
7.778426265408534823e-02
1.207211631466697799e-01
1.636137692879371386e-01
1.219880228009924822e-01
1.109010662799818914e-01
7.315497838698283017e-02
1.364129764308002479e-01
1.150158014749918522e-01
1.017443509234415844e-01
9.829083711338210128e-02
8.318254532500002352e-02
8.565277286810302204e-02
9.659388151106135245e-02
9.670200482141068365e-02
9.832842817885130426e-02
1.014085979314562624e-01
1.077182675434371073e-01
1.077182675434371073e-01
7.538465202181431069e-02
1.023374079067685960e-01
1.101246601361054178e-01
8.360394548247601643e-02
9.895175474594676557e-02
8.750952517665533392e-02
9.388366182585544673e-02
8.920108705714938080e-02
1.206030587617957506e-01
7.683533651754692606e-02
8.144862135041806839e-02
7.598209622653591400e-02
1.183080471869971673e-01
1.104602336475226376e-01
8.955845577647887634e-02
7.098088333810108341e-02
1.000849649424647436e-01
8.210774490451754060e-02
7.786723046916455004e-02
8.542188207990852877e-02
7.763763096911588391e-02
9.804635804683448086e-02
5.857790327956288040e-02
7.466226394792538357e-02
6.658858045959899219e-02
6.658858045959899219e-02
1.182692752238773820e-01
8.139406693204646881e-02
7.857294182873565680e-02
8.323001541164407047e-02
7.573707834601475786e-02
8.962742799966094687e-02
7.551869975179034689e-02
8.901199871906986805e-02
8.888765664048012272e-02
6.208382584822704636e-02
1.069747100700663978e-01
7.460187286611888458e-02
4.745408339455030322e-02
6.704736097628299918e-02
6.704736097628299918e-02
8.534165427075493526e-02
7.497830136361749442e-02
7.576694703872258185e-02
9.127442989746155366e-02
7.642734828396156865e-02
9.045218233854515621e-02
6.672611975895129111e-02
6.545937202322574255e-02
6.127758136275815448e-02
7.555177690183846606e-02
6.904813926952156622e-02
4.873900223791832742e-02
7.040066780234455202e-02
6.310654079374732051e-02
7.229417147712302594e-02
7.229417147712302594e-02
6.292346093474261715e-02
7.235615929267914803e-02
5.819832133975080118e-02
9.350484718209108037e-02
9.393220433633067690e-02
6.779227451939451310e-02
6.553542727224200004e-02
5.229102838275307558e-02
6.485284273032643210e-02
4.349741354162843521e-02
7.759807645748269256e-02
8.613528427264295628e-02
6.614025862436495595e-02
7.223026518740437163e-02
8.430707415335515764e-02
5.845865574776719364e-02
5.500792383835794580e-02
8.312440085203784412e-02
9.436547371541455231e-02
7.122174359303962143e-02
5.192088837442024318e-02
5.639903656686810762e-02
8.190476143107212892e-02
1.061612942676703475e-01
9.504376478710384324e-02
6.301905698279690327e-02
7.453374830258752137e-02
5.565113531257345064e-02
5.638067112654870927e-02
7.654521767181585168e-02
5.976677477334443184e-02
7.255160608899562102e-02
6.125988275411771433e-02
8.226635992113015550e-02
7.552174748839395046e-02
6.019310750956353984e-02
5.938611450567642808e-02
5.938611450567642808e-02
6.252895284129744713e-02
4.757502533859031546e-02
4.757502533859031546e-02
4.757502533859031546e-02
5.287102541758602336e-02
5.636374751307969555e-02
5.148092969889069004e-02
6.570857767693140394e-02
5.980660052803275784e-02
5.980660052803275784e-02
4.236377216764850712e-02
7.677921185123576242e-02
4.308963931112134993e-02
4.739815488216789913e-02
6.204483574497150766e-02
5.016479102623586095e-02
5.008551765306831771e-02
6.058698629761091747e-02
5.780965152614757352e-02
5.297022527052480667e-02
3.856105197735260753e-02
3.742949370114653784e-02
4.988441958774817581e-02
4.988441958774817581e-02
6.160212095103533014e-02
8.243157651999086233e-02
7.012967529321584292e-02
4.963689592975774334e-02
5.155951739074568496e-02
5.380836543343119754e-02
6.407458072095147117e-02
6.343720230387317471e-02
5.228517053674191367e-02
5.228517053674191367e-02
5.501850558839887356e-02
5.478168211931459114e-02
5.613620171718294860e-02
4.953033276151112135e-02
4.365218417693436659e-02
5.041762183955569854e-02
4.776318943050745364e-02
3.968514955740447270e-02
3.968514955740447270e-02
4.049530873252314006e-02
5.813272023726765575e-02
4.618065031466862813e-02
7.638623288553529622e-02
5.814149228831404226e-02
5.060581186700779943e-02
5.060581186700779943e-02
4.210895908708719992e-02
3.443638693498272257e-02
5.486986953979850618e-02
4.769277816029069555e-02
6.928852974592486502e-02
7.797072670651886139e-02
4.446433982156090814e-02
7.131556711645375968e-02
5.135609267830002628e-02
3.683263693620072998e-02
4.495844472169958222e-02
6.412878981305528137e-02
4.829848831237252421e-02
