2.021999931335449219e+01
3.206000137329101562e+01
6.195000076293945312e+01
7.186000061035156250e+01
8.020999908447265625e+01
8.623000335693359375e+01
8.806999969482421875e+01
9.041999816894531250e+01
9.051999664306640625e+01
9.195999908447265625e+01
9.279000091552734375e+01
9.308999633789062500e+01
9.291000366210937500e+01
9.308000183105468750e+01
9.394000244140625000e+01
9.325000000000000000e+01
9.390000152587890625e+01
9.391999816894531250e+01
9.447000122070312500e+01
9.431999969482421875e+01
9.438999938964843750e+01
9.475000000000000000e+01
9.491000366210937500e+01
9.483000183105468750e+01
9.497000122070312500e+01
9.543000030517578125e+01
9.545999908447265625e+01
9.584999847412109375e+01
9.551000213623046875e+01
9.584999847412109375e+01
9.583000183105468750e+01
9.566999816894531250e+01
9.572000122070312500e+01
9.583000183105468750e+01
9.594000244140625000e+01
9.554000091552734375e+01
9.608999633789062500e+01
9.615000152587890625e+01
9.644000244140625000e+01
9.644000244140625000e+01
9.641000366210937500e+01
9.634999847412109375e+01
9.648000335693359375e+01
9.625000000000000000e+01
9.648000335693359375e+01
9.644999694824218750e+01
9.633000183105468750e+01
9.683000183105468750e+01
9.655000305175781250e+01
9.675000000000000000e+01
