1.996999931335449219e+01
3.966999816894531250e+01
6.350999832153320312e+01
7.073000335693359375e+01
7.509999847412109375e+01
7.690000152587890625e+01
8.583999633789062500e+01
8.158999633789062500e+01
8.734999847412109375e+01
8.716999816894531250e+01
9.001000213623046875e+01
8.688999938964843750e+01
9.109999847412109375e+01
7.411000061035156250e+01
9.276000213623046875e+01
9.115000152587890625e+01
9.230999755859375000e+01
9.362000274658203125e+01
9.316999816894531250e+01
9.400000000000000000e+01
9.475000000000000000e+01
9.166999816894531250e+01
9.440000152587890625e+01
9.475000000000000000e+01
9.448000335693359375e+01
9.413999938964843750e+01
9.491000366210937500e+01
9.525000000000000000e+01
9.456999969482421875e+01
9.579000091552734375e+01
9.523999786376953125e+01
9.176999664306640625e+01
9.537999725341796875e+01
9.600000000000000000e+01
9.493000030517578125e+01
9.186000061035156250e+01
9.523000335693359375e+01
9.568000030517578125e+01
9.561000061035156250e+01
9.497000122070312500e+01
9.461000061035156250e+01
9.405999755859375000e+01
9.554000091552734375e+01
9.548999786376953125e+01
9.627999877929687500e+01
9.537999725341796875e+01
9.544999694824218750e+01
9.616999816894531250e+01
9.608000183105468750e+01
9.626999664306640625e+01
