2.925000000000000000e+01
4.024000167846679688e+01
3.758000183105468750e+01
7.412999725341796875e+01
7.305999755859375000e+01
7.601000213623046875e+01
8.059999847412109375e+01
8.631999969482421875e+01
8.848999786376953125e+01
8.872000122070312500e+01
9.298000335693359375e+01
9.380000305175781250e+01
9.373999786376953125e+01
9.041000366210937500e+01
7.663999938964843750e+01
7.998999786376953125e+01
8.037000274658203125e+01
8.037000274658203125e+01
9.179000091552734375e+01
9.280000305175781250e+01
9.290000152587890625e+01
9.502999877929687500e+01
9.513999938964843750e+01
9.559999847412109375e+01
9.559999847412109375e+01
9.423999786376953125e+01
9.483000183105468750e+01
9.447000122070312500e+01
9.447000122070312500e+01
9.447000122070312500e+01
9.236000061035156250e+01
9.481999969482421875e+01
9.555999755859375000e+01
9.558999633789062500e+01
9.568000030517578125e+01
9.616999816894531250e+01
9.623999786376953125e+01
9.594999694824218750e+01
9.616000366210937500e+01
9.552999877929687500e+01
9.393000030517578125e+01
9.501999664306640625e+01
9.280000305175781250e+01
9.544999694824218750e+01
8.347000122070312500e+01
9.519000244140625000e+01
9.554000091552734375e+01
9.630000305175781250e+01
9.620999908447265625e+01
9.658000183105468750e+01
