5.569883273882003660e-01
5.249097655818542041e-01
3.261572774795984953e-01
3.112795931967090035e-01
1.831660693199253509e-01
2.162718635069044160e-01
2.326652189820401229e-01
2.223029874308913301e-01
1.869070700966622700e-01
2.140050733424948559e-01
1.492634460468869606e-01
1.315578075696425819e-01
1.284135862649713467e-01
1.267530442493725595e-01
1.932161948529855233e-01
1.408738028805425202e-01
2.037600362450929237e-01
2.037600362450929237e-01
1.040769012904261270e-01
9.547596605203630127e-02
1.310622712295132497e-01
1.160694020184380310e-01
9.195216310167363127e-02
9.877093399981073940e-02
1.082975262404032857e-01
1.051177579764912828e-01
9.457572409318319717e-02
7.867299760809816356e-02
7.867299760809816356e-02
7.867299760809816356e-02
4.826771359523219368e-02
8.661654466235646499e-02
7.194915516142756651e-02
1.059372169678293174e-01
9.131313472515797947e-02
8.235162265140122395e-02
8.069903209009723910e-02
9.929716271480393264e-02
8.249140077231231771e-02
6.712267740159345852e-02
6.766426607622637313e-02
7.461751191684475037e-02
4.754554103242959739e-02
1.180628171539679500e-01
8.645848999899943821e-02
8.826687032802865707e-02
7.271464223523403658e-02
7.637385585412291567e-02
6.789922195692989215e-02
8.157505970081480040e-02
