3.954704478005878765e-01
4.770507924728897842e-01
4.831168695782753209e-01
2.521591355803979306e-01
2.366779474182444665e-01
1.966457790016502283e-01
2.194901916952353427e-01
1.625851798455676400e-01
1.825112119011962908e-01
1.397363263393594790e-01
1.890930734398937330e-01
1.712533204787750896e-01
1.463384812510323540e-01
9.464798844861030402e-02
1.353962898369304446e-01
1.103147297121773313e-01
1.690228784802028927e-01
1.289748018089340864e-01
1.359312786423463593e-01
1.282634084967484711e-01
1.113308045979181649e-01
8.125666795273984999e-02
8.992767290793025892e-02
9.283078127213170716e-02
1.185459164345819827e-01
8.174896568336846581e-02
6.009003364371392347e-02
8.304710440575974184e-02
8.803527579130067393e-02
7.457852294927184988e-02
8.036776445608534436e-02
7.184674195906912142e-02
9.379446930205306843e-02
8.516276512917630992e-02
6.120301525046419749e-02
1.181770349849208257e-01
6.253318828995964307e-02
5.833138307207594991e-02
7.252131285340228384e-02
8.316356392122956076e-02
6.470728794102956205e-02
6.955787339756361320e-02
8.601142072094128399e-02
8.083716675572770460e-02
5.905490484109909149e-02
9.248214714051740393e-02
5.364480155944537088e-02
8.220634358922643270e-02
6.331922012928624388e-02
5.654305686009285237e-02
