5.471062119626298736e-01
3.807232927123595512e-01
3.322223740903984535e-01
2.359122138281171399e-01
2.632739168487612247e-01
1.873366374146807900e-01
1.638373211105922933e-01
1.763929742364065967e-01
1.513914648298854970e-01
1.362107208585099649e-01
1.613435441991824537e-01
1.296787516631505988e-01
1.080770024579591204e-01
1.147811222872414244e-01
1.080842447756821950e-01
1.119567964149354999e-01
1.148764984801363964e-01
1.117290216977374490e-01
9.782394289216474192e-02
9.243787164172276305e-02
9.275311777575528938e-02
9.188858536035311719e-02
9.275712109469287647e-02
7.760811440928573612e-02
8.283846416354410935e-02
7.911623285218968848e-02
9.165994965194357302e-02
7.786217512530058116e-02
6.863411733468803566e-02
8.630035184342134402e-02
7.895514778845491577e-02
7.299537759370126888e-02
6.709950370360144578e-02
7.569018063489904580e-02
6.607420305211494926e-02
6.837116929042259816e-02
7.872449966966696411e-02
7.227716948950350939e-02
6.419138182386700808e-02
5.417213420217440595e-02
6.375157733181902042e-02
7.668125156117047703e-02
5.579437661163411111e-02
6.533335857324855389e-02
6.830568673217035647e-02
6.477528689310974030e-02
5.882912561978721755e-02
6.089554510577820101e-02
5.416021554105463626e-02
6.307626526408929846e-02
