4.672999954223632812e+01
7.937999725341796875e+01
8.525000000000000000e+01
8.822000122070312500e+01
9.163999938964843750e+01
9.273999786376953125e+01
9.241000366210937500e+01
9.358000183105468750e+01
9.430999755859375000e+01
9.347000122070312500e+01
9.283999633789062500e+01
9.419999694824218750e+01
9.480999755859375000e+01
9.530000305175781250e+01
9.527999877929687500e+01
9.550000000000000000e+01
9.533000183105468750e+01
9.572000122070312500e+01
9.615000152587890625e+01
9.597000122070312500e+01
9.616999816894531250e+01
9.555000305175781250e+01
9.594000244140625000e+01
9.551000213623046875e+01
9.541000366210937500e+01
9.620999908447265625e+01
9.648999786376953125e+01
9.641000366210937500e+01
9.594999694824218750e+01
9.611000061035156250e+01
9.630000305175781250e+01
9.654000091552734375e+01
9.673000335693359375e+01
9.659999847412109375e+01
9.256999969482421875e+01
9.576999664306640625e+01
9.666999816894531250e+01
9.613999938964843750e+01
9.636000061035156250e+01
9.673000335693359375e+01
9.627999877929687500e+01
9.698999786376953125e+01
9.706999969482421875e+01
9.673000335693359375e+01
9.644000244140625000e+01
9.661000061035156250e+01
9.655000305175781250e+01
9.701999664306640625e+01
9.672000122070312500e+01
9.708000183105468750e+01
9.569999694824218750e+01
9.679000091552734375e+01
9.700000000000000000e+01
9.705000305175781250e+01
9.700000000000000000e+01
9.698999786376953125e+01
9.709999847412109375e+01
9.584999847412109375e+01
9.697000122070312500e+01
9.726000213623046875e+01
9.684999847412109375e+01
9.730999755859375000e+01
9.731999969482421875e+01
9.726000213623046875e+01
9.312000274658203125e+01
9.666999816894531250e+01
9.716999816894531250e+01
9.701999664306640625e+01
9.723000335693359375e+01
9.730000305175781250e+01
9.738999938964843750e+01
9.726999664306640625e+01
9.731999969482421875e+01
9.754000091552734375e+01
9.573000335693359375e+01
9.719999694824218750e+01
9.722000122070312500e+01
9.711000061035156250e+01
9.718000030517578125e+01
9.748000335693359375e+01
9.733999633789062500e+01
9.715000152587890625e+01
9.748000335693359375e+01
9.773000335693359375e+01
9.741000366210937500e+01
9.758000183105468750e+01
9.737999725341796875e+01
9.743000030517578125e+01
9.752999877929687500e+01
9.756999969482421875e+01
9.770999908447265625e+01
9.765000152587890625e+01
9.777999877929687500e+01
9.758999633789062500e+01
9.769999694824218750e+01
9.758000183105468750e+01
9.751999664306640625e+01
9.773999786376953125e+01
9.769000244140625000e+01
9.775000000000000000e+01
