3.650999832153320312e+01
5.172000122070312500e+01
8.218000030517578125e+01
8.191999816894531250e+01
8.708000183105468750e+01
8.568000030517578125e+01
8.995999908447265625e+01
8.995999908447265625e+01
8.395999908447265625e+01
9.065000152587890625e+01
9.293000030517578125e+01
9.293000030517578125e+01
9.293000030517578125e+01
9.293000030517578125e+01
9.381999969482421875e+01
9.456999969482421875e+01
9.306999969482421875e+01
9.331999969482421875e+01
9.397000122070312500e+01
9.226000213623046875e+01
8.965000152587890625e+01
9.133999633789062500e+01
9.356999969482421875e+01
8.595999908447265625e+01
9.422000122070312500e+01
9.538999938964843750e+01
9.359999847412109375e+01
9.493000030517578125e+01
9.576000213623046875e+01
9.511000061035156250e+01
9.369000244140625000e+01
9.530000305175781250e+01
9.601999664306640625e+01
9.623000335693359375e+01
9.076000213623046875e+01
9.565000152587890625e+01
9.647000122070312500e+01
9.579000091552734375e+01
9.551999664306640625e+01
9.588999938964843750e+01
9.519000244140625000e+01
9.613999938964843750e+01
9.518000030517578125e+01
9.504000091552734375e+01
9.441999816894531250e+01
9.608999633789062500e+01
9.586000061035156250e+01
9.598999786376953125e+01
9.630000305175781250e+01
9.437999725341796875e+01
9.666000366210937500e+01
9.600000000000000000e+01
9.691999816894531250e+01
9.623000335693359375e+01
9.677999877929687500e+01
9.704000091552734375e+01
9.694999694824218750e+01
9.658999633789062500e+01
9.712000274658203125e+01
9.676999664306640625e+01
9.713999938964843750e+01
9.698000335693359375e+01
9.712999725341796875e+01
9.668000030517578125e+01
9.730000305175781250e+01
9.665000152587890625e+01
9.701000213623046875e+01
9.663999938964843750e+01
9.705999755859375000e+01
9.704000091552734375e+01
9.718000030517578125e+01
9.458999633789062500e+01
9.631999969482421875e+01
9.687999725341796875e+01
9.693000030517578125e+01
9.766999816894531250e+01
9.762999725341796875e+01
9.756999969482421875e+01
9.630999755859375000e+01
9.669999694824218750e+01
9.720999908447265625e+01
9.744999694824218750e+01
9.705000305175781250e+01
9.680999755859375000e+01
9.593000030517578125e+01
9.748999786376953125e+01
9.576999664306640625e+01
9.715000152587890625e+01
9.751000213623046875e+01
9.733000183105468750e+01
9.752999877929687500e+01
9.741999816894531250e+01
9.644999694824218750e+01
9.769000244140625000e+01
9.780000305175781250e+01
9.762000274658203125e+01
9.744999694824218750e+01
9.761000061035156250e+01
9.758000183105468750e+01
9.662000274658203125e+01
