4.138999938964843750e+01
3.975999832153320312e+01
8.276000213623046875e+01
8.633000183105468750e+01
9.034999847412109375e+01
9.131999969482421875e+01
9.123000335693359375e+01
9.123000335693359375e+01
8.858000183105468750e+01
9.209999847412109375e+01
9.419999694824218750e+01
9.420999908447265625e+01
9.420999908447265625e+01
9.420999908447265625e+01
9.419999694824218750e+01
9.495999908447265625e+01
9.426000213623046875e+01
9.455000305175781250e+01
9.445999908447265625e+01
9.277999877929687500e+01
9.098000335693359375e+01
9.226000213623046875e+01
9.541999816894531250e+01
9.190000152587890625e+01
9.501000213623046875e+01
9.606999969482421875e+01
9.401999664306640625e+01
9.576999664306640625e+01
9.600000000000000000e+01
9.526999664306640625e+01
9.480000305175781250e+01
9.605999755859375000e+01
9.644999694824218750e+01
9.687999725341796875e+01
9.287000274658203125e+01
9.569999694824218750e+01
9.666999816894531250e+01
9.630000305175781250e+01
9.606999969482421875e+01
9.612000274658203125e+01
9.629000091552734375e+01
9.666000366210937500e+01
9.652999877929687500e+01
9.530000305175781250e+01
9.475000000000000000e+01
9.623999786376953125e+01
9.608999633789062500e+01
9.575000000000000000e+01
9.651999664306640625e+01
9.543000030517578125e+01
9.687000274658203125e+01
9.650000000000000000e+01
9.719000244140625000e+01
9.673000335693359375e+01
9.694999694824218750e+01
9.709999847412109375e+01
9.722000122070312500e+01
9.697000122070312500e+01
9.729000091552734375e+01
9.691999816894531250e+01
9.701999664306640625e+01
9.743000030517578125e+01
9.702999877929687500e+01
9.712000274658203125e+01
9.759999847412109375e+01
9.716000366210937500e+01
9.729000091552734375e+01
9.687000274658203125e+01
9.691000366210937500e+01
9.738999938964843750e+01
9.734999847412109375e+01
9.448999786376953125e+01
9.593000030517578125e+01
9.729000091552734375e+01
9.719999694824218750e+01
9.759999847412109375e+01
9.772000122070312500e+01
9.730000305175781250e+01
9.616000366210937500e+01
9.691999816894531250e+01
9.718000030517578125e+01
9.755999755859375000e+01
9.711000061035156250e+01
9.577999877929687500e+01
9.655000305175781250e+01
9.736000061035156250e+01
9.581999969482421875e+01
9.726000213623046875e+01
9.776999664306640625e+01
9.763999938964843750e+01
9.752999877929687500e+01
9.744000244140625000e+01
9.701000213623046875e+01
9.745999908447265625e+01
9.759999847412109375e+01
9.752999877929687500e+01
9.719999694824218750e+01
9.730999755859375000e+01
9.761000061035156250e+01
9.680999755859375000e+01
9.648999786376953125e+01
9.722000122070312500e+01
9.700000000000000000e+01
9.733999633789062500e+01
9.723000335693359375e+01
9.750000000000000000e+01
9.779000091552734375e+01
9.630000305175781250e+01
9.613999938964843750e+01
9.762000274658203125e+01
9.679000091552734375e+01
9.733999633789062500e+01
9.690000152587890625e+01
9.719999694824218750e+01
9.780000305175781250e+01
9.748000335693359375e+01
9.769000244140625000e+01
9.709999847412109375e+01
9.562000274658203125e+01
9.741000366210937500e+01
9.748000335693359375e+01
9.612000274658203125e+01
9.719999694824218750e+01
9.726999664306640625e+01
9.761000061035156250e+01
9.756999969482421875e+01
9.768000030517578125e+01
9.762999725341796875e+01
9.744999694824218750e+01
9.769000244140625000e+01
9.580000305175781250e+01
9.769000244140625000e+01
9.769000244140625000e+01
9.638999938964843750e+01
9.748000335693359375e+01
9.733000183105468750e+01
9.768000030517578125e+01
9.531999969482421875e+01
9.697000122070312500e+01
9.697000122070312500e+01
9.751999664306640625e+01
9.726000213623046875e+01
9.791999816894531250e+01
9.712000274658203125e+01
9.766000366210937500e+01
9.777999877929687500e+01
9.791000366210937500e+01
9.769000244140625000e+01
9.791999816894531250e+01
9.777999877929687500e+01
9.790000152587890625e+01
9.765000152587890625e+01
9.776000213623046875e+01
9.791000366210937500e+01
9.798999786376953125e+01
9.773000335693359375e+01
9.770999908447265625e+01
9.798000335693359375e+01
9.719999694824218750e+01
9.725000000000000000e+01
9.733000183105468750e+01
9.787999725341796875e+01
9.787999725341796875e+01
9.719000244140625000e+01
9.793000030517578125e+01
9.758999633789062500e+01
9.801000213623046875e+01
9.787999725341796875e+01
9.730999755859375000e+01
9.758999633789062500e+01
9.811000061035156250e+01
9.811000061035156250e+01
9.800000000000000000e+01
9.800000000000000000e+01
9.808000183105468750e+01
9.800000000000000000e+01
9.723000335693359375e+01
9.686000061035156250e+01
9.801999664306640625e+01
9.783000183105468750e+01
9.777999877929687500e+01
9.788999938964843750e+01
9.719000244140625000e+01
9.684999847412109375e+01
9.758999633789062500e+01
9.795999908447265625e+01
9.780999755859375000e+01
9.776000213623046875e+01
9.773999786376953125e+01
9.756999969482421875e+01
9.781999969482421875e+01
9.786000061035156250e+01
9.805000305175781250e+01
9.813999938964843750e+01
9.809999847412109375e+01
9.823999786376953125e+01
9.770999908447265625e+01
9.816000366210937500e+01
9.751999664306640625e+01
9.759999847412109375e+01
