2.832999992370605469e+01
5.479000091552734375e+01
7.829000091552734375e+01
8.459999847412109375e+01
8.676000213623046875e+01
8.898999786376953125e+01
9.073000335693359375e+01
9.108999633789062500e+01
9.280999755859375000e+01
9.345999908447265625e+01
9.425000000000000000e+01
9.402999877929687500e+01
9.463999938964843750e+01
9.465000152587890625e+01
9.555000305175781250e+01
9.520999908447265625e+01
9.558999633789062500e+01
9.561000061035156250e+01
9.601999664306640625e+01
9.594000244140625000e+01
9.601000213623046875e+01
9.623000335693359375e+01
9.616999816894531250e+01
9.631999969482421875e+01
9.645999908447265625e+01
9.626000213623046875e+01
9.669000244140625000e+01
9.622000122070312500e+01
9.669000244140625000e+01
9.675000000000000000e+01
9.651000213623046875e+01
9.686000061035156250e+01
9.676999664306640625e+01
9.687999725341796875e+01
9.711000061035156250e+01
9.719999694824218750e+01
9.668000030517578125e+01
9.740000152587890625e+01
9.719000244140625000e+01
9.731999969482421875e+01
9.722000122070312500e+01
9.712000274658203125e+01
9.715000152587890625e+01
9.723999786376953125e+01
9.726999664306640625e+01
9.761000061035156250e+01
9.752999877929687500e+01
9.737000274658203125e+01
9.756999969482421875e+01
9.751999664306640625e+01
9.734999847412109375e+01
9.733000183105468750e+01
9.766999816894531250e+01
9.756999969482421875e+01
9.773000335693359375e+01
9.763999938964843750e+01
9.769999694824218750e+01
9.752999877929687500e+01
9.779000091552734375e+01
9.763999938964843750e+01
9.773000335693359375e+01
9.775000000000000000e+01
9.775000000000000000e+01
9.737999725341796875e+01
9.759999847412109375e+01
9.752999877929687500e+01
9.783999633789062500e+01
9.786000061035156250e+01
9.777999877929687500e+01
9.770999908447265625e+01
9.758999633789062500e+01
9.770999908447265625e+01
9.766999816894531250e+01
9.781999969482421875e+01
9.751999664306640625e+01
9.762999725341796875e+01
9.788999938964843750e+01
9.788999938964843750e+01
9.776999664306640625e+01
9.804000091552734375e+01
9.787999725341796875e+01
9.788999938964843750e+01
9.795999908447265625e+01
9.791999816894531250e+01
9.783000183105468750e+01
9.811000061035156250e+01
9.784999847412109375e+01
9.781999969482421875e+01
9.798000335693359375e+01
9.787000274658203125e+01
9.801000213623046875e+01
9.794999694824218750e+01
9.791000366210937500e+01
9.800000000000000000e+01
9.812000274658203125e+01
9.802999877929687500e+01
9.798999786376953125e+01
9.798999786376953125e+01
9.809999847412109375e+01
9.806999969482421875e+01
