7.491893392816568742e-01
5.527430213204577170e-01
3.311763879352541684e-01
3.427650578252290914e-01
3.226158535698154251e-01
2.243000722451976847e-01
2.200319757002827670e-01
2.127845751802948104e-01
1.681947820173061436e-01
1.390557991213167699e-01
1.358191231661834419e-01
1.640760180014138869e-01
1.509591433576575603e-01
1.687107961869895867e-01
1.470862461157663170e-01
1.397146468797795527e-01
1.011219478731004290e-01
1.391761947790541576e-01
1.287779264452461325e-01
1.013083872596125951e-01
1.183617947458534964e-01
1.069279159639930782e-01
9.515124279377072669e-02
1.303268082722311982e-01
1.081973492645302848e-01
1.133831415924362734e-01
9.712837593436625394e-02
9.810297099911738372e-02
1.211667104621517305e-01
1.031389719779060299e-01
9.012998771715566293e-02
1.115486620122673050e-01
8.905751614314469378e-02
8.228064782565981672e-02
8.192207200841039594e-02
1.161470400631412075e-01
1.022181889715666758e-01
1.016084637012562714e-01
9.008484333804514521e-02
8.385868751074139482e-02
5.488251124707343997e-02
9.217998297924230588e-02
8.902801726299507112e-02
7.712110402525960973e-02
8.031758435904393090e-02
8.825396108036809295e-02
8.412541440622883782e-02
8.049793931388428414e-02
7.373400737230807744e-02
7.735560168927800573e-02
1.110569541310375552e-01
7.508924268350378184e-02
7.858165537947962853e-02
6.892847761593297318e-02
7.014098131794228863e-02
7.251894944848352731e-02
9.726344120159829965e-02
9.217163580424600489e-02
8.784429712073488217e-02
7.156885242839015893e-02
6.576048291537126000e-02
7.021035911435061228e-02
6.752163063228891482e-02
6.561083237258424905e-02
7.321860902887586398e-02
1.002680261269952577e-01
6.463485395690053703e-02
7.964996045570787997e-02
5.826506718955568737e-02
6.557045027802921311e-02
4.786622530568449690e-02
6.233314473064011096e-02
7.353478021840217926e-02
6.012020340798410190e-02
7.251355276482022993e-02
7.276013385780798204e-02
8.052058532976544281e-02
4.579092186312587465e-02
6.193518147402464480e-02
5.857130622946700449e-02
7.081180328028391369e-02
6.240864404173923630e-02
6.111150392251291086e-02
5.393338367509178249e-02
4.693504145302225539e-02
6.357650310233201041e-02
4.906672330961493744e-02
5.366507957723497257e-02
5.927525999428064768e-02
6.042852212510901877e-02
4.852521002430384284e-02
5.156073234235662717e-02
5.803217070194058302e-02
6.046964374645983492e-02
5.233117096434172777e-02
4.587550102496570914e-02
5.488411365166410288e-02
5.407152173302540166e-02
5.439774357765027324e-02
5.743715778058430116e-02
4.698546681671442182e-02
6.370193202040272396e-02
4.662725198248190289e-02
4.806876466789237329e-02
6.230131096172897981e-02
5.858840242699153017e-02
6.718384495803800260e-02
5.617977417852811073e-02
4.877750928276122083e-02
5.225407327856640416e-02
4.981514424348562620e-02
5.036999995409888187e-02
3.566725920679167383e-02
5.372663979914117649e-02
8.721531277552994899e-02
5.564614595387810253e-02
4.793202632395260343e-02
4.545783864864825358e-02
5.054590701040177769e-02
5.296805917520445300e-02
5.748693191011163689e-02
5.373800968090006180e-02
3.873067588741772871e-02
5.265535247512239531e-02
4.089332672858134871e-02
4.210086322257755587e-02
5.637952913951309319e-02
4.419720951440005846e-02
3.304933508350229449e-02
5.162476987328478567e-02
5.955665720872131697e-02
4.922631488170450126e-02
4.725607847509239595e-02
4.188873604603451928e-02
4.428464743471593329e-02
4.024604198692284529e-02
5.688540322890777573e-02
4.937882514977304238e-02
3.835014760253432214e-02
4.853848086860733380e-02
5.448398599576956269e-02
4.649162960706120645e-02
4.921258581722154357e-02
4.929134187434284359e-02
6.360201797337845797e-02
4.776228847680322187e-02
3.835237814468378525e-02
4.755238292167481007e-02
4.701091183750744779e-02
4.364947396173153582e-02
4.918484827962796291e-02
4.366125475206494855e-02
5.942449222947587123e-02
4.349483445543519955e-02
4.187923255441945020e-02
4.888223595960174139e-02
4.393176634394962976e-02
4.002340713308562975e-02
4.278383233102312638e-02
4.237218875451566336e-02
4.667185849450928431e-02
4.455478807681106934e-02
3.568213259997817660e-02
3.855186357450821749e-02
4.828886507411632445e-02
4.340456542513377453e-02
3.760798526644676398e-02
4.242676388397883386e-02
2.929287499792708124e-02
4.739027544461914959e-02
5.616534569494573137e-02
5.952536746913873744e-02
3.685563847604919618e-02
4.349575065257079570e-02
3.779315195646954645e-02
4.635804434274166941e-02
4.895366167118553324e-02
3.681134074967255809e-02
4.027326441132112606e-02
3.858585744965448844e-02
4.128197752956886540e-02
5.273648668001418294e-02
4.959278481235884772e-02
3.945417294955122500e-02
4.227887218361908728e-02
4.605290992443956261e-02
3.150762506219532966e-02
3.657768664717927359e-02
3.353532151256691934e-02
3.889589368821485399e-02
3.966032548682189851e-02
3.339433188169349531e-02
4.188226553926169271e-02
3.855428058113857803e-02
3.006312871567465989e-02
3.677923915078740863e-02
5.830659848574406418e-02
5.232182321011268067e-02
4.540473040602815979e-02
5.112208237617219680e-02
