7.857680692920607779e-01
5.912516118332349357e-01
4.045647025283274911e-01
3.562256476443424469e-01
2.865688215434970543e-01
2.976731204168832634e-01
2.748202735481709014e-01
2.034839185235849113e-01
1.959519061432821174e-01
1.442563842602816448e-01
2.041468446639051193e-01
1.677787615653833497e-01
1.579273851770391091e-01
1.430396800211339858e-01
1.499696767592219038e-01
1.316214891121560149e-01
1.242857943610858051e-01
1.300899603987454023e-01
1.184812657205785991e-01
1.129233481389091270e-01
1.153435160825470734e-01
9.098419559114412358e-02
9.647392481401514952e-02
9.809741554484638359e-02
9.763588759810157280e-02
9.574796053878789626e-02
8.936452081640050560e-02
9.534582213567660558e-02
9.585762211113320330e-02
8.244138117357120710e-02
1.041745142308887484e-01
8.150941651495922924e-02
7.647459450672143555e-02
7.936076594552471386e-02
8.881371719890496230e-02
8.277882309088333002e-02
8.088330691289562224e-02
7.632033711134549037e-02
7.693502626685388979e-02
5.955400376811708502e-02
7.665470982128502753e-02
6.802475919199445220e-02
5.646501800533039461e-02
6.353868902947679143e-02
5.878095092938748906e-02
6.754320286151734021e-02
5.992308010740220875e-02
6.204780250554823434e-02
6.371033961012208258e-02
6.612465877177621520e-02
5.396397095514265246e-02
8.406945155275155623e-02
8.178458758748949342e-02
6.805118415497243833e-02
5.424638869556878268e-02
6.770404986205658115e-02
5.617924047840041485e-02
5.557664602247340546e-02
5.705327122367311737e-02
5.894314851760962259e-02
5.410842330768433212e-02
5.986468973116511327e-02
5.526160910832018242e-02
5.501446596566097330e-02
4.309276637424742235e-02
6.167304413672240748e-02
3.904673337886503670e-02
5.928633344125901899e-02
5.328756595074830155e-02
4.587253050477495958e-02
5.091803202503774467e-02
5.817064851094454897e-02
5.186459739235729088e-02
4.269347592824623838e-02
4.882983534555734167e-02
5.642951774129922882e-02
5.579561485457671527e-02
4.770323012615386438e-02
4.409327253190303830e-02
3.988510760896706725e-02
5.174410245951846510e-02
4.177190956385430642e-02
5.426402852409826366e-02
4.252211059780557773e-02
3.713139968225451226e-02
5.150758332315060611e-02
4.668908205711307796e-02
5.550855878469183186e-02
4.207466506760450947e-02
4.540830673115903160e-02
4.659490695960433193e-02
6.626309449681452857e-02
7.681727370991284221e-02
7.878833941396470864e-02
6.124553297082348247e-02
5.635637406568707458e-02
6.782381431238243552e-02
6.273284929722407199e-02
5.903345753266744933e-02
5.888981187580850235e-02
