8.138265584056540991e-01
6.338136867057976298e-01
4.475361064786086973e-01
3.707012518816916180e-01
3.146526045383342685e-01
3.118816958510478576e-01
2.788708792647243140e-01
2.345431002640268880e-01
2.119810308341431027e-01
1.790228080442198833e-01
2.109776913899823469e-01
1.772689357342399352e-01
1.709935597752449965e-01
1.600941540832143684e-01
1.615504132063756981e-01
1.409627967623016953e-01
1.212586933538586376e-01
1.459725195130087971e-01
1.272901463908416020e-01
1.160560669081759366e-01
1.204269409576539385e-01
1.013140525457386087e-01
1.052399897382708949e-01
1.107589166644374484e-01
9.920161459489995615e-02
1.006199443259354759e-01
9.478581618035923639e-02
1.056219266905788629e-01
1.029448691529692289e-01
9.958916575911601343e-02
1.152377617910634172e-01
9.565383094252041807e-02
8.559323810295917101e-02
8.752284780204261372e-02
8.615972683841766067e-02
9.553160168892764481e-02
8.721916639936432014e-02
7.915936928332868716e-02
7.154145395964897625e-02
7.057182838785466816e-02
8.661322269107783745e-02
6.934617637505656462e-02
6.934726631970693222e-02
8.210221967038236479e-02
6.676373177835405459e-02
6.896343208617303211e-02
6.376358815129533342e-02
7.158330780852686925e-02
6.830508681148246553e-02
6.697952862425564369e-02
5.719218052365839661e-02
8.743608307916933553e-02
1.031675690356549657e-01
6.663910993086742673e-02
6.273648768879215576e-02
7.192495426539580183e-02
6.281644575253012008e-02
5.741934200808915950e-02
6.879298918195328461e-02
7.460527295157420857e-02
5.889195850638361679e-02
6.231949470705651362e-02
6.456081032216250126e-02
5.253865598879741555e-02
5.602389807057776838e-02
6.038938673262674028e-02
5.238966664399268003e-02
7.374112180539145467e-02
6.428861470275133716e-02
5.193497304222035454e-02
5.250618801081746723e-02
6.006786947919163372e-02
6.551092326367211061e-02
5.241167785883188435e-02
4.638886699152808268e-02
6.649727687929958553e-02
6.003246254282353089e-02
4.689724130653234041e-02
5.492785246280706968e-02
5.450800423810746309e-02
5.265820120842645141e-02
4.891139071268375826e-02
5.711259714637757778e-02
4.081230987668096194e-02
4.292519302867558312e-02
6.182338647502392398e-02
4.752599867405783024e-02
5.601471250710236133e-02
4.557529912540212585e-02
5.346810710923529525e-02
5.993037728068528053e-02
7.434557506787334291e-02
7.614024785116993432e-02
7.307784126443360451e-02
6.711801954190443897e-02
5.591388306227897120e-02
7.292768729559510887e-02
6.861607579948118818e-02
6.237777734254894985e-02
6.863461434249956694e-02
6.004177382450440886e-02
5.722167610300366719e-02
6.585467624624022354e-02
5.950310567350044350e-02
5.647774530680101795e-02
6.436566106173327584e-02
5.474254453763135325e-02
5.582139816881224320e-02
5.441309495895519516e-02
6.646722034270753643e-02
5.420954840879915054e-02
5.892691052341523378e-02
5.564887995667498061e-02
5.579890975242503270e-02
5.500196308909113818e-02
5.568755346938483036e-02
5.427285130386644979e-02
5.414810315348097397e-02
5.421425851915353394e-02
5.124535693753465987e-02
5.358520240133708007e-02
4.410699967664321458e-02
5.019246947940039782e-02
5.253245454265548925e-02
5.182364416922721068e-02
4.647031927555071024e-02
4.251526329612011906e-02
4.798289021931140957e-02
4.533076926166326043e-02
4.275527379613689588e-02
4.758244800275459457e-02
4.350403555020353891e-02
4.169133728299954239e-02
5.127464127580833031e-02
4.428982589851464258e-02
4.140567137884589022e-02
4.219242859287389985e-02
4.374092784821808494e-02
4.342331128080838959e-02
3.909321494015004228e-02
3.970663333311896803e-02
4.473809709592647954e-02
3.710846485391904037e-02
4.728984445955755622e-02
3.948430893672934955e-02
4.557069313952775286e-02
3.885989540447930962e-02
4.458145124202161913e-02
4.162084679666340492e-02
4.048472067214203135e-02
3.579671672089253937e-02
4.220611492540734394e-02
4.512418650261162262e-02
4.475262142143541372e-02
5.291949089888536156e-02
4.046423942839341703e-02
4.570346338028886263e-02
3.615956308227555316e-02
3.726706144178522362e-02
4.615625515140841378e-02
4.211545157844161225e-02
4.193661867857208930e-02
3.601006224830183983e-02
4.354487176032218604e-02
4.153054599284917298e-02
4.105083891774048699e-02
3.488736785550951292e-02
4.648595730085862410e-02
3.677985299282994502e-02
3.930893205645559496e-02
3.843514481225369234e-02
4.330194607707243265e-02
3.866948625935292400e-02
3.624562407162758987e-02
4.450161898922888604e-02
4.035462988349217822e-02
4.677365869731368864e-02
3.966419553486751071e-02
3.957255141173852270e-02
2.651011409905383587e-02
3.750947813641301865e-02
3.871450283216184424e-02
3.481407257171714037e-02
4.224678123352698655e-02
3.906823725686794924e-02
3.996238181703364728e-02
3.743669177089400252e-02
3.621216140327102734e-02
3.085823559657142195e-02
3.318771182105154788e-02
3.151120173322339429e-02
3.806208376251995346e-02
3.160368063526099863e-02
3.774887358104058593e-02
3.413892724189906275e-02
3.005780816581701820e-02
3.590138287459898603e-02
3.840711933654909760e-02
3.954543904823919903e-02
3.073144597637332900e-02
