1.242000007629394531e+01
2.087999916076660156e+01
2.859000015258789062e+01
3.163999938964843750e+01
3.668000030517578125e+01
3.865000152587890625e+01
4.270000076293945312e+01
4.368000030517578125e+01
4.625000000000000000e+01
4.766999816894531250e+01
4.847000122070312500e+01
5.000999832153320312e+01
5.120999908447265625e+01
5.097999954223632812e+01
5.284999847412109375e+01
5.286000061035156250e+01
5.363000106811523438e+01
5.454999923706054688e+01
5.488999938964843750e+01
5.506000137329101562e+01
5.563000106811523438e+01
5.568999862670898438e+01
5.604999923706054688e+01
5.625999832153320312e+01
5.638000106811523438e+01
5.658000183105468750e+01
5.690999984741210938e+01
5.645999908447265625e+01
5.663000106811523438e+01
5.702000045776367188e+01
5.697000122070312500e+01
5.715000152587890625e+01
5.724000167846679688e+01
5.720999908447265625e+01
5.734000015258789062e+01
5.695000076293945312e+01
5.715999984741210938e+01
5.740999984741210938e+01
5.766999816894531250e+01
5.736999893188476562e+01
5.754999923706054688e+01
5.722000122070312500e+01
5.775000000000000000e+01
5.715999984741210938e+01
5.763999938964843750e+01
5.770999908447265625e+01
5.738999938964843750e+01
5.727000045776367188e+01
5.777000045776367188e+01
5.752999877929687500e+01
5.813000106811523438e+01
5.804000091552734375e+01
5.777999877929687500e+01
5.783000183105468750e+01
5.818000030517578125e+01
5.788999938964843750e+01
5.825000000000000000e+01
5.791999816894531250e+01
5.831999969482421875e+01
5.847000122070312500e+01
5.806000137329101562e+01
5.840000152587890625e+01
5.811000061035156250e+01
5.829000091552734375e+01
5.827000045776367188e+01
5.850000000000000000e+01
5.845999908447265625e+01
5.836000061035156250e+01
5.800999832153320312e+01
5.852999877929687500e+01
5.890000152587890625e+01
5.852000045776367188e+01
5.811999893188476562e+01
5.859000015258789062e+01
5.874000167846679688e+01
5.893000030517578125e+01
5.815999984741210938e+01
5.831000137329101562e+01
5.831999969482421875e+01
5.865000152587890625e+01
5.904000091552734375e+01
5.872000122070312500e+01
5.840000152587890625e+01
5.843999862670898438e+01
5.884999847412109375e+01
5.881000137329101562e+01
5.863000106811523438e+01
5.838999938964843750e+01
5.818000030517578125e+01
5.845999908447265625e+01
5.841999816894531250e+01
5.818999862670898438e+01
5.843000030517578125e+01
5.838999938964843750e+01
5.820000076293945312e+01
5.861999893188476562e+01
5.834000015258789062e+01
5.838999938964843750e+01
5.820999908447265625e+01
5.804000091552734375e+01
5.822000122070312500e+01
5.815000152587890625e+01
5.822000122070312500e+01
5.797999954223632812e+01
5.825999832153320312e+01
5.820999908447265625e+01
5.833000183105468750e+01
5.852000045776367188e+01
5.856000137329101562e+01
5.795000076293945312e+01
5.799000167846679688e+01
5.827000045776367188e+01
5.804999923706054688e+01
5.822999954223632812e+01
5.875999832153320312e+01
5.820999908447265625e+01
5.808000183105468750e+01
5.813999938964843750e+01
5.831999969482421875e+01
5.799000167846679688e+01
5.793999862670898438e+01
5.840000152587890625e+01
5.820000076293945312e+01
5.818999862670898438e+01
5.850000000000000000e+01
5.813999938964843750e+01
5.790999984741210938e+01
5.791999816894531250e+01
5.788000106811523438e+01
5.804000091552734375e+01
5.759000015258789062e+01
5.833000183105468750e+01
5.795999908447265625e+01
5.775999832153320312e+01
5.747999954223632812e+01
5.802999877929687500e+01
5.763999938964843750e+01
5.786000061035156250e+01
5.797999954223632812e+01
5.790000152587890625e+01
5.797000122070312500e+01
5.811999893188476562e+01
5.745000076293945312e+01
5.777000045776367188e+01
5.775999832153320312e+01
5.756999969482421875e+01
5.747000122070312500e+01
5.736000061035156250e+01
5.700999832153320312e+01
5.797999954223632812e+01
5.775999832153320312e+01
5.795999908447265625e+01
5.731000137329101562e+01
5.756999969482421875e+01
5.766999816894531250e+01
5.756999969482421875e+01
5.740999984741210938e+01
5.709000015258789062e+01
5.756000137329101562e+01
5.731000137329101562e+01
5.772999954223632812e+01
5.777000045776367188e+01
5.795000076293945312e+01
5.815000152587890625e+01
5.768999862670898438e+01
5.752000045776367188e+01
5.793000030517578125e+01
5.783000183105468750e+01
5.791999816894531250e+01
5.813000106811523438e+01
5.768000030517578125e+01
5.820999908447265625e+01
5.766999816894531250e+01
5.775999832153320312e+01
5.759999847412109375e+01
5.718999862670898438e+01
5.763999938964843750e+01
5.761000061035156250e+01
5.759000015258789062e+01
5.761000061035156250e+01
5.781000137329101562e+01
5.772000122070312500e+01
5.779999923706054688e+01
5.743000030517578125e+01
5.758000183105468750e+01
5.725999832153320312e+01
5.774000167846679688e+01
5.802999877929687500e+01
5.718999862670898438e+01
5.731000137329101562e+01
5.790999984741210938e+01
5.749000167846679688e+01
5.784999847412109375e+01
5.749000167846679688e+01
5.747999954223632812e+01
5.733000183105468750e+01
5.745999908447265625e+01
5.777000045776367188e+01
5.791999816894531250e+01
5.763999938964843750e+01
