1.078999996185302734e+01
1.460999965667724609e+01
2.602000045776367188e+01
3.055999946594238281e+01
3.438999938964843750e+01
3.750999832153320312e+01
3.959999847412109375e+01
3.959999847412109375e+01
3.815000152587890625e+01
4.311000061035156250e+01
4.525999832153320312e+01
4.609000015258789062e+01
4.609000015258789062e+01
4.609000015258789062e+01
4.713000106811523438e+01
4.806999969482421875e+01
4.858000183105468750e+01
4.866999816894531250e+01
5.129999923706054688e+01
4.999000167846679688e+01
4.681999969482421875e+01
4.795999908447265625e+01
5.072000122070312500e+01
4.861000061035156250e+01
5.152999877929687500e+01
5.331000137329101562e+01
4.913000106811523438e+01
5.320999908447265625e+01
5.490000152587890625e+01
5.468000030517578125e+01
5.079000091552734375e+01
5.297000122070312500e+01
5.536999893188476562e+01
5.550999832153320312e+01
5.165000152587890625e+01
5.400999832153320312e+01
5.595000076293945312e+01
5.429000091552734375e+01
5.533000183105468750e+01
5.597999954223632812e+01
5.536000061035156250e+01
5.618000030517578125e+01
5.545000076293945312e+01
5.386000061035156250e+01
5.315999984741210938e+01
5.561000061035156250e+01
5.681999969482421875e+01
5.534000015258789062e+01
5.715000152587890625e+01
5.513000106811523438e+01
5.686000061035156250e+01
5.650000000000000000e+01
5.756000137329101562e+01
5.765000152587890625e+01
5.747999954223632812e+01
5.761000061035156250e+01
5.772000122070312500e+01
5.811999893188476562e+01
5.834999847412109375e+01
5.809000015258789062e+01
5.745999908447265625e+01
5.804000091552734375e+01
5.752000045776367188e+01
5.513999938964843750e+01
5.759000015258789062e+01
5.711000061035156250e+01
5.754999923706054688e+01
5.722000122070312500e+01
5.754000091552734375e+01
5.759999847412109375e+01
5.793999862670898438e+01
5.516999816894531250e+01
5.724000167846679688e+01
5.795999908447265625e+01
5.804000091552734375e+01
5.845999908447265625e+01
5.866999816894531250e+01
5.875999832153320312e+01
5.715000152587890625e+01
5.806999969482421875e+01
5.816999816894531250e+01
5.820999908447265625e+01
5.768999862670898438e+01
5.641999816894531250e+01
5.688999938964843750e+01
5.779999923706054688e+01
5.527999877929687500e+01
5.740000152587890625e+01
5.788000106811523438e+01
5.802999877929687500e+01
5.877000045776367188e+01
5.825000000000000000e+01
5.684000015258789062e+01
5.768000030517578125e+01
5.747000122070312500e+01
5.840999984741210938e+01
5.718999862670898438e+01
5.759000015258789062e+01
5.815000152587890625e+01
5.752000045776367188e+01
5.704999923706054688e+01
5.761999893188476562e+01
5.749000167846679688e+01
5.745000076293945312e+01
5.681999969482421875e+01
5.759999847412109375e+01
5.747999954223632812e+01
5.641999816894531250e+01
5.627999877929687500e+01
5.804999923706054688e+01
5.838000106811523438e+01
5.791999816894531250e+01
5.761000061035156250e+01
5.811999893188476562e+01
5.827000045776367188e+01
5.818000030517578125e+01
5.847000122070312500e+01
5.806999969482421875e+01
5.556000137329101562e+01
5.690999984741210938e+01
5.740999984741210938e+01
5.636000061035156250e+01
5.729999923706054688e+01
5.763999938964843750e+01
5.831999969482421875e+01
5.729000091552734375e+01
5.784999847412109375e+01
5.784999847412109375e+01
5.779999923706054688e+01
5.729999923706054688e+01
5.750999832153320312e+01
5.729999923706054688e+01
5.729999923706054688e+01
5.729999923706054688e+01
5.633000183105468750e+01
5.711999893188476562e+01
5.734999847412109375e+01
5.509000015258789062e+01
5.650000000000000000e+01
5.650000000000000000e+01
5.684000015258789062e+01
5.581999969482421875e+01
5.729000091552734375e+01
5.629000091552734375e+01
5.636000061035156250e+01
5.840999984741210938e+01
5.825999832153320312e+01
5.827999877929687500e+01
5.841999816894531250e+01
5.854000091552734375e+01
5.863000106811523438e+01
5.768999862670898438e+01
5.765000152587890625e+01
5.804999923706054688e+01
5.879999923706054688e+01
5.833000183105468750e+01
5.815999984741210938e+01
5.861000061035156250e+01
5.711999893188476562e+01
5.549000167846679688e+01
5.686000061035156250e+01
5.750000000000000000e+01
5.715999984741210938e+01
5.659000015258789062e+01
5.783000183105468750e+01
5.720000076293945312e+01
5.833000183105468750e+01
5.779999923706054688e+01
5.756999969482421875e+01
5.775000000000000000e+01
5.850999832153320312e+01
5.806000137329101562e+01
5.818000030517578125e+01
5.806000137329101562e+01
5.806999969482421875e+01
5.770999908447265625e+01
5.683000183105468750e+01
5.513000106811523438e+01
5.736000061035156250e+01
5.802999877929687500e+01
5.729999923706054688e+01
5.804999923706054688e+01
5.802999877929687500e+01
5.556000137329101562e+01
5.709999847412109375e+01
5.779000091552734375e+01
5.833000183105468750e+01
5.786000061035156250e+01
5.809000015258789062e+01
5.761999893188476562e+01
5.759999847412109375e+01
5.720000076293945312e+01
5.781999969482421875e+01
5.811999893188476562e+01
5.763000106811523438e+01
5.843999862670898438e+01
5.809000015258789062e+01
5.766999816894531250e+01
5.583000183105468750e+01
5.741999816894531250e+01
