1.075000000000000000e+01
2.494000053405761719e+01
3.003000068664550781e+01
3.484999847412109375e+01
3.766999816894531250e+01
3.952999877929687500e+01
4.236999893188476562e+01
4.402999877929687500e+01
4.681999969482421875e+01
4.524000167846679688e+01
4.763000106811523438e+01
4.865999984741210938e+01
5.059000015258789062e+01
5.059999847412109375e+01
5.120000076293945312e+01
5.163000106811523438e+01
5.136999893188476562e+01
5.143000030517578125e+01
5.184999847412109375e+01
5.215000152587890625e+01
5.222999954223632812e+01
5.233000183105468750e+01
5.209999847412109375e+01
5.245000076293945312e+01
5.265000152587890625e+01
5.268999862670898438e+01
5.175000000000000000e+01
5.188000106811523438e+01
5.270999908447265625e+01
5.290000152587890625e+01
5.270999908447265625e+01
5.275000000000000000e+01
5.252000045776367188e+01
5.279999923706054688e+01
5.225999832153320312e+01
5.245999908447265625e+01
5.279000091552734375e+01
5.291999816894531250e+01
5.236000061035156250e+01
5.202000045776367188e+01
5.233000183105468750e+01
5.258000183105468750e+01
5.231999969482421875e+01
5.254000091552734375e+01
5.179000091552734375e+01
5.190999984741210938e+01
5.206000137329101562e+01
5.241999816894531250e+01
5.247000122070312500e+01
5.256999969482421875e+01
5.247000122070312500e+01
5.243999862670898438e+01
5.204999923706054688e+01
5.227999877929687500e+01
5.268000030517578125e+01
5.279000091552734375e+01
5.254999923706054688e+01
5.272999954223632812e+01
5.308000183105468750e+01
5.227999877929687500e+01
5.277999877929687500e+01
5.293999862670898438e+01
5.300999832153320312e+01
5.277000045776367188e+01
5.234999847412109375e+01
5.258000183105468750e+01
5.254999923706054688e+01
5.215000152587890625e+01
5.272999954223632812e+01
5.313000106811523438e+01
5.302000045776367188e+01
5.247000122070312500e+01
5.222999954223632812e+01
5.236999893188476562e+01
5.259000015258789062e+01
5.227000045776367188e+01
5.247000122070312500e+01
5.184999847412109375e+01
5.209000015258789062e+01
5.234999847412109375e+01
5.225999832153320312e+01
5.206000137329101562e+01
5.238000106811523438e+01
5.286999893188476562e+01
5.243999862670898438e+01
5.211999893188476562e+01
5.218999862670898438e+01
5.225000000000000000e+01
5.204000091552734375e+01
5.190999984741210938e+01
5.213000106811523438e+01
5.199000167846679688e+01
5.275000000000000000e+01
5.275999832153320312e+01
5.336000061035156250e+01
5.375999832153320312e+01
5.393000030517578125e+01
5.422999954223632812e+01
5.427000045776367188e+01
5.402000045776367188e+01
5.390000152587890625e+01
5.452999877929687500e+01
5.422000122070312500e+01
5.425000000000000000e+01
5.413999938964843750e+01
5.397999954223632812e+01
5.420999908447265625e+01
5.468999862670898438e+01
5.438000106811523438e+01
5.436000061035156250e+01
5.402999877929687500e+01
5.443000030517578125e+01
5.465999984741210938e+01
5.427999877929687500e+01
5.459999847412109375e+01
5.402000045776367188e+01
5.409999847412109375e+01
5.388999938964843750e+01
5.427000045776367188e+01
5.411999893188476562e+01
5.454999923706054688e+01
5.456000137329101562e+01
5.445000076293945312e+01
5.449000167846679688e+01
5.384999847412109375e+01
5.436999893188476562e+01
5.434000015258789062e+01
5.445999908447265625e+01
5.475000000000000000e+01
5.408000183105468750e+01
5.415999984741210938e+01
5.416999816894531250e+01
5.427999877929687500e+01
5.440000152587890625e+01
5.416999816894531250e+01
5.400999832153320312e+01
5.404000091552734375e+01
5.404999923706054688e+01
5.393999862670898438e+01
5.395999908447265625e+01
5.400000000000000000e+01
5.422999954223632812e+01
5.393000030517578125e+01
5.415000152587890625e+01
5.447000122070312500e+01
5.434000015258789062e+01
5.397000122070312500e+01
5.420999908447265625e+01
5.425000000000000000e+01
5.415999984741210938e+01
5.434999847412109375e+01
5.386999893188476562e+01
5.400000000000000000e+01
5.429999923706054688e+01
5.409000015258789062e+01
5.377000045776367188e+01
5.391999816894531250e+01
5.361000061035156250e+01
5.381000137329101562e+01
5.425000000000000000e+01
5.404000091552734375e+01
5.425999832153320312e+01
5.379999923706054688e+01
5.375999832153320312e+01
5.358000183105468750e+01
5.366999816894531250e+01
5.359999847412109375e+01
5.372999954223632812e+01
5.375999832153320312e+01
5.395999908447265625e+01
5.413999938964843750e+01
5.395000076293945312e+01
5.416999816894531250e+01
5.404000091552734375e+01
5.390999984741210938e+01
5.377000045776367188e+01
5.402999877929687500e+01
5.374000167846679688e+01
5.395000076293945312e+01
5.383000183105468750e+01
5.397999954223632812e+01
5.397999954223632812e+01
5.395000076293945312e+01
5.427999877929687500e+01
5.402999877929687500e+01
5.416999816894531250e+01
5.413000106811523438e+01
5.406000137329101562e+01
5.404999923706054688e+01
5.424000167846679688e+01
5.425999832153320312e+01
5.413999938964843750e+01
5.411000061035156250e+01
5.438000106811523438e+01
5.445999908447265625e+01
5.436999893188476562e+01
5.420000076293945312e+01
5.431999969482421875e+01
5.424000167846679688e+01
5.427000045776367188e+01
