1.139999961853027344e+01
1.447999954223632812e+01
2.223999977111816406e+01
2.801000022888183594e+01
3.198999977111816406e+01
3.450000000000000000e+01
3.618000030517578125e+01
3.947000122070312500e+01
4.056999969482421875e+01
4.177999877929687500e+01
4.168000030517578125e+01
4.375999832153320312e+01
4.308000183105468750e+01
4.472000122070312500e+01
4.508000183105468750e+01
4.429000091552734375e+01
4.322999954223632812e+01
4.483000183105468750e+01
4.518999862670898438e+01
4.379999923706054688e+01
4.495999908447265625e+01
4.438000106811523438e+01
4.452999877929687500e+01
4.541999816894531250e+01
4.472999954223632812e+01
4.445000076293945312e+01
4.395000076293945312e+01
4.445000076293945312e+01
4.468999862670898438e+01
4.459999847412109375e+01
4.583000183105468750e+01
4.600999832153320312e+01
4.543999862670898438e+01
4.424000167846679688e+01
4.143999862670898438e+01
4.456999969482421875e+01
4.495000076293945312e+01
4.372000122070312500e+01
4.493999862670898438e+01
4.488999938964843750e+01
4.377000045776367188e+01
4.511999893188476562e+01
4.500000000000000000e+01
4.572000122070312500e+01
4.454000091552734375e+01
4.422000122070312500e+01
4.475000000000000000e+01
4.543999862670898438e+01
4.497000122070312500e+01
4.486999893188476562e+01
4.338000106811523438e+01
4.459999847412109375e+01
4.518999862670898438e+01
4.559000015258789062e+01
4.518000030517578125e+01
4.425000000000000000e+01
4.484000015258789062e+01
4.406000137329101562e+01
4.470999908447265625e+01
4.566999816894531250e+01
4.522000122070312500e+01
4.522000122070312500e+01
4.413999938964843750e+01
4.508000183105468750e+01
4.252000045776367188e+01
4.397999954223632812e+01
4.461999893188476562e+01
4.486000061035156250e+01
4.475000000000000000e+01
4.538000106811523438e+01
4.400000000000000000e+01
4.461000061035156250e+01
4.540000152587890625e+01
4.536000061035156250e+01
4.418000030517578125e+01
4.486000061035156250e+01
4.506999969482421875e+01
4.381999969482421875e+01
4.445000076293945312e+01
4.445999908447265625e+01
4.500000000000000000e+01
4.429000091552734375e+01
4.543000030517578125e+01
4.488999938964843750e+01
4.361999893188476562e+01
4.431000137329101562e+01
4.484000015258789062e+01
4.552999877929687500e+01
4.531000137329101562e+01
4.525999832153320312e+01
4.474000167846679688e+01
4.515999984741210938e+01
4.470999908447265625e+01
4.461000061035156250e+01
4.500999832153320312e+01
4.458000183105468750e+01
4.452999877929687500e+01
4.466999816894531250e+01
4.468000030517578125e+01
4.491999816894531250e+01
4.488999938964843750e+01
4.434000015258789062e+01
4.502999877929687500e+01
4.497999954223632812e+01
4.377000045776367188e+01
4.306000137329101562e+01
4.425999832153320312e+01
4.445000076293945312e+01
4.479999923706054688e+01
4.452000045776367188e+01
4.484999847412109375e+01
4.518000030517578125e+01
4.411999893188476562e+01
4.215000152587890625e+01
4.366999816894531250e+01
4.415999984741210938e+01
4.402999877929687500e+01
4.456999969482421875e+01
4.481000137329101562e+01
4.413000106811523438e+01
4.465000152587890625e+01
4.433000183105468750e+01
4.434999847412109375e+01
4.472000122070312500e+01
4.465000152587890625e+01
4.456000137329101562e+01
4.486000061035156250e+01
4.445000076293945312e+01
4.431000137329101562e+01
4.445000076293945312e+01
4.450000000000000000e+01
4.452999877929687500e+01
4.456000137329101562e+01
4.463000106811523438e+01
4.454999923706054688e+01
4.481000137329101562e+01
4.434999847412109375e+01
4.450999832153320312e+01
4.493999862670898438e+01
4.452999877929687500e+01
4.304999923706054688e+01
4.388000106811523438e+01
4.447999954223632812e+01
4.390000152587890625e+01
4.420999908447265625e+01
4.431999969482421875e+01
4.413999938964843750e+01
4.379000091552734375e+01
4.409000015258789062e+01
4.490999984741210938e+01
4.450000000000000000e+01
4.440999984741210938e+01
4.399000167846679688e+01
4.461999893188476562e+01
4.463000106811523438e+01
4.390000152587890625e+01
4.347999954223632812e+01
4.302999877929687500e+01
4.413000106811523438e+01
4.422000122070312500e+01
4.434000015258789062e+01
4.404000091552734375e+01
4.488999938964843750e+01
4.499000167846679688e+01
4.447999954223632812e+01
4.461999893188476562e+01
4.479999923706054688e+01
4.484999847412109375e+01
4.490000152587890625e+01
4.481000137329101562e+01
4.393000030517578125e+01
4.483000183105468750e+01
4.450000000000000000e+01
4.461999893188476562e+01
4.447000122070312500e+01
4.456000137329101562e+01
4.454000091552734375e+01
4.518000030517578125e+01
4.468999862670898438e+01
4.477999877929687500e+01
4.477999877929687500e+01
4.454000091552734375e+01
4.454999923706054688e+01
4.459999847412109375e+01
4.456000137329101562e+01
4.479000091552734375e+01
4.440000152587890625e+01
4.468999862670898438e+01
4.470999908447265625e+01
4.481999969482421875e+01
4.477999877929687500e+01
4.479999923706054688e+01
4.468000030517578125e+01
4.458000183105468750e+01
4.490999984741210938e+01
4.502000045776367188e+01
4.500000000000000000e+01
4.491999816894531250e+01
4.425999832153320312e+01
4.431000137329101562e+01
