2.298649316787719776e+00
2.236499884605407384e+00
1.994034588495890103e+00
1.865176373481750360e+00
1.718057544072469467e+00
1.655725826025009173e+00
1.493378750324249493e+00
1.423942172861099253e+00
1.350470196425914704e+00
1.220652144789695859e+00
1.106740041971206789e+00
1.031462290465831710e+00
9.376109572734151465e-01
8.217699539661408314e-01
7.340706178148588279e-01
6.227095342930406563e-01
4.946794401798397245e-01
5.190008008709797727e-01
4.255270169265568114e-01
3.980379910701886126e-01
3.633380994055420143e-01
3.457563148341141757e-01
3.022399441469460490e-01
2.647470333217643579e-01
2.296809480335796350e-01
3.295519982657860725e-01
1.661930502641480178e-01
1.832160862466941376e-01
2.499775517145559622e-01
2.118197716825719057e-01
1.788817570720178940e-01
1.850493386828340470e-01
1.112232962878886705e-01
1.415474581613088978e-01
1.387946609162958589e-01
1.415701025313232386e-01
1.197620464185213951e-01
1.254886400436662219e-01
9.540282492302357142e-02
1.170385314998566295e-01
9.011751896293329622e-02
8.782063808527892923e-02
7.079769935235380451e-02
9.491720707932252421e-02
5.188404413052680186e-02
6.284215337227797016e-02
3.370622791274217878e-02
8.311415761198151508e-02
9.790195858484851410e-02
4.925736903605450190e-02
4.289148571032758844e-02
2.247844835133524788e-01
5.045637553237611317e-02
2.297535511081126580e-01
1.086078700181290629e-01
1.184738395032938624e-01
1.143902189576998241e-01
7.994235383656342342e-02
3.480456307313871400e-02
1.001139631213591175e-01
9.158284053959264703e-02
8.537714164632781433e-02
2.981981421315867478e-02
3.254066802405092274e-02
6.169097501745272882e-02
5.042861938084824969e-02
2.769792572938604286e-02
1.025630436666658818e-01
5.059685569524091653e-02
2.028044767449526525e-02
1.506498427881888119e-02
5.960030155957549841e-02
3.491370297801913575e-02
3.432962972734614204e-02
1.511302328888753689e-02
5.023602381796227201e-02
5.451306329364889042e-02
8.691791258991579672e-02
5.664276040959520531e-02
2.238507479399101663e-02
2.472152707364390703e-02
1.226849130284972562e-02
1.573615307160071072e-02
1.816308919173146436e-02
3.240841230464866756e-03
5.207476693874342477e-02
1.050263201690056040e-02
6.421559463211935770e-02
5.803400695547558663e-02
6.966402062661170014e-02
2.038295562910643621e-01
3.231503215262345741e-01
3.402961018584007569e-01
2.254460317528906299e-01
2.519169164198392652e-01
1.333244817357709944e-01
2.554546418570317057e-01
1.888940164520608866e-01
1.908280748546142824e-01
1.680659469765876934e-01
2.775262447885928352e-01
1.738198444120498398e-01
1.840534597954288643e-01
1.911885365453344920e-01
1.882381442339052802e-01
1.683436459507356986e-01
1.530829408292484206e-01
1.408450439505152807e-01
1.059573333013831831e-01
1.178743909056822331e-01
1.417478605582533913e-01
1.378349093656953683e-01
6.282696385991294596e-02
1.072739013482870568e-01
8.490060949070904472e-02
9.326902495480804411e-02
1.052159173903502581e-01
6.610444887976821282e-02
7.371889986638961723e-02
6.995628374215863421e-02
8.051353186295000242e-02
7.611492085137676333e-02
5.962084389809833157e-02
5.108004638258959590e-02
8.944010040693683994e-02
5.019151941064483452e-02
4.021847668508781587e-02
7.132965980228346548e-02
3.724439621834919889e-02
3.701378193760865992e-02
7.472722068223915104e-02
4.407336273087356093e-02
3.293877626640605294e-02
2.535714468322839560e-02
4.331253533705330810e-02
1.671399605118650822e-02
2.606676502435463158e-02
6.204184519960795341e-02
5.292906096977693237e-02
1.127823507351568069e-02
3.710551433773556090e-02
4.996715186860820057e-02
4.561062780668362349e-02
7.099146258551264355e-02
2.874899275460322465e-02
2.979753820074233436e-02
2.126558615431758947e-02
2.431856391496876532e-02
2.475578894117825418e-02
1.169042967986206119e-02
7.723983011795748643e-03
3.409399877853570848e-02
5.581797175778774669e-03
5.880373997383026019e-02
2.896063268947318692e-02
7.961021709926170351e-03
6.718227395885606641e-03
2.541548398242997678e-02
4.704621903047073728e-02
7.651805914364860975e-03
9.389932319183053391e-03
3.807124474852051615e-03
3.437246304840160110e-02
2.368584314477708425e-02
1.431870396506615406e-02
1.661695688510513025e-02
1.644778413697107339e-02
3.167565301349440851e-03
1.559518363871484174e-02
4.241040399842050702e-03
4.936336736367258338e-02
7.881236403692126399e-03
3.679901473011795276e-03
3.997950679598580304e-02
3.371140491347769663e-02
4.365597034704039175e-02
1.313707618050374490e-02
5.777181878816236432e-02
5.520241047237505090e-03
2.131009884236118382e-02
4.884506726212619818e-03
3.029894295832491740e-03
2.635465855909159983e-03
2.642658498202459742e-03
9.507764947811891618e-03
2.087431352810589173e-03
1.992500458611781711e-03
1.711110830978415697e-03
1.555067676521957633e-03
1.533510711485723717e-03
1.351491771118730955e-03
1.633249346860975518e-03
1.293871512350700968e-03
1.087005783916148620e-03
1.046442127595128115e-03
1.122711037603169254e-03
1.466399048216317181e-03
1.120892623562667499e-03
1.150780444989928921e-03
1.042948136462655334e-03
