2.296601416110992666e+00
2.244240442752838405e+00
2.052899370534079448e+00
1.908233355919519925e+00
1.798865095376968259e+00
1.678222719311714073e+00
1.586621809045473563e+00
1.487443021501813289e+00
1.413983644992113042e+00
1.351471310483084887e+00
1.280760737523436443e+00
1.222450465381145213e+00
1.181326812942822491e+00
1.036466612109116170e+00
1.014673888232972665e+00
9.167477954104542581e-01
8.489448374994099655e-01
7.711842524372042318e-01
6.935312213718891616e-01
6.251607740162872240e-01
5.723437799128392456e-01
5.868537309364312282e-01
5.204313220493494985e-01
5.246403008517293021e-01
4.736658449777297886e-01
4.053244975790381011e-01
4.102670386908576217e-01
3.838195299080883749e-01
3.548918015165254403e-01
4.231186867873701352e-01
2.944436684699935913e-01
3.202212411917745860e-01
3.185006278960499926e-01
2.867436362660722438e-01
3.386396024447038133e-01
3.373922946503152831e-01
2.474367751779759095e-01
2.968008178462274715e-01
2.185135305640546199e-01
2.792538173485857866e-01
2.664401340324432099e-01
2.310111111393489680e-01
2.205067596327978663e-01
2.304961255472298687e-01
1.806081790731857428e-01
2.384247955512255324e-01
1.861128398193512001e-01
2.023286967437248618e-01
2.115919120604172754e-01
2.216334604331990921e-01
3.302912664267467213e-01
2.551162569864652840e-01
2.731750520969508100e-01
1.621811355530258514e-01
2.201716848718002217e-01
2.120239604466025440e-01
1.864053139204042697e-01
2.137957310134984967e-01
1.662298718547448317e-01
1.533777188179199780e-01
2.316447386069688807e-01
1.340306297107728972e-01
1.549567914187937323e-01
1.840622138700127863e-01
1.520364885105082164e-01
1.717902933831598200e-01
1.394739139196527478e-01
1.597520656024904451e-01
1.940797475597226263e-01
1.618753229854395514e-01
1.479312812245683895e-01
1.394394109335960752e-01
1.162724313881351723e-01
1.763033071922138206e-01
1.412605712337914321e-01
1.138649737819408259e-01
1.705254590760450772e-01
1.146743009426605120e-01
1.338050512103493572e-01
1.643207999387406582e-01
8.827804501755497080e-02
1.202587684800731915e-01
9.671212444249831230e-02
8.354632355662179599e-02
1.595545197726227493e-01
8.122541348384403059e-02
1.526588503983977718e-01
1.314709905070420848e-01
7.292795145697891779e-02
1.394715236656484392e-01
8.899026229137671495e-02
9.101679225214756586e-02
6.702238202200387629e-02
1.573823432741725536e-01
1.155709344142640260e-01
1.091005815263138973e-01
6.472505239256824694e-02
8.187665220599155136e-02
7.668107588734419944e-02
6.036106418834728815e-02
1.161020738497932636e-01
6.573611611626983819e-02
9.053059614038794223e-02
7.279617176757165187e-02
1.477143904383992623e-01
9.694731772713276186e-02
9.213335010164519501e-02
6.118633105527584992e-02
3.563239846256620325e-02
1.499639195987605422e-01
1.070401101176976233e-01
4.796482797256775010e-02
1.007745901290077878e-01
6.890825884052174943e-02
6.061545971432350660e-02
5.017151373666516728e-02
6.181115565597752881e-02
1.337677893229644033e-01
8.235857515746029811e-02
9.729769140910066172e-02
6.184526697955152613e-02
4.005473203770088669e-02
3.476630220164370760e-02
9.275218039022729843e-02
6.948819418436906481e-02
4.806342165131063937e-02
6.226903063008729783e-02
7.874526706081814986e-02
5.414448928619094992e-02
7.580937582155966581e-02
4.874658085607613128e-02
8.564652943246983674e-02
5.939138694815118691e-02
8.447943632744135678e-02
6.965923018235190001e-02
3.698770441170684542e-02
3.724753026564940617e-02
8.974732026024138942e-02
5.226320957569987463e-02
2.816576217680703473e-02
6.044543887834297191e-02
3.657422166248143480e-02
1.690769960089043289e-02
2.559656354680919094e-02
6.103468773744462339e-02
4.781998875799924748e-02
8.556866033141267980e-02
6.235713178997975836e-02
3.180701670015605165e-02
7.245010709608831756e-02
3.994569636738597856e-02
5.969261845406434452e-02
9.973461174192926881e-02
4.301237900974910766e-02
6.910982280238144038e-02
8.748061843690956019e-02
1.637395246321393660e-02
6.228710567689590971e-02
3.892948841957259015e-02
4.388703980295394214e-02
9.270303110649256995e-02
2.746622878440830445e-02
3.103668973692947503e-02
3.394382879218189875e-02
1.390954671907384532e-01
4.228502239354000464e-02
1.101093548090688670e-02
7.596135343764034986e-02
6.263433425157126366e-02
1.984589175056098581e-02
7.274169858119566845e-02
5.676323310924744764e-02
3.767039141593977319e-02
5.006398933714371891e-02
4.198292932206339201e-02
5.697343693053133484e-02
5.621226486883260098e-02
3.391456455954822147e-02
2.965131361222884260e-02
1.549185684153417397e-02
3.874020099854752486e-02
3.085858377433032401e-02
1.087079026745777811e-02
9.929907739742444353e-03
1.627091591398930476e-02
7.664046573028705789e-02
4.786057805474047515e-03
1.316977111200685370e-02
4.252606317290193172e-02
7.042245054340126945e-03
9.983828136358351840e-03
4.517423376040096208e-03
2.975780822387968927e-02
3.209969040913274868e-02
1.597130282710859314e-02
1.786258256137735270e-02
4.372098083663222834e-02
8.480007018518517792e-03
4.152422748548834086e-02
3.941720383679947481e-02
