2.299005532900492366e+00
2.292327006530761491e+00
2.222186818361282512e+00
2.037621916174888970e+00
1.916042232894897612e+00
1.832109208742777495e+00
1.697058572471141780e+00
1.565052902412414459e+00
1.540971910417079815e+00
1.424722751140594212e+00
1.344036477625369930e+00
1.194730110526085021e+00
1.052063272744417244e+00
1.179815690199534028e+00
9.645362962067128842e-01
8.584561949551104965e-01
7.580251942972342505e-01
7.600078249360835425e-01
6.314632936803002972e-01
7.539062062775094830e-01
6.502656785721581123e-01
5.842151409325500033e-01
4.081244907693472035e-01
6.370793710416182698e-01
3.948836489448634413e-01
5.081634225156158591e-01
3.857788106848019094e-01
4.132272223162930525e-01
4.830800953108818629e-01
2.800530261306092283e-01
4.330976320329355533e-01
4.895504344655201012e-01
3.716236380566843023e-01
3.487882552176403972e-01
5.067905597127974060e-01
5.270475790747441991e-01
3.734237983425147123e-01
3.347548814569599740e-01
1.843919920834014292e-01
3.820762274365872013e-01
1.969282639480661456e-01
3.806326731974259414e-01
3.056584430329967184e-01
2.882897154353559199e-01
2.619613993645180106e-01
2.744611433257814204e-01
2.210115280760219514e-01
2.386828277939265219e-01
2.554061729330956987e-01
2.584093131808331556e-01
4.244443765466566765e-01
2.283019202819560056e-01
2.116682093785299534e-01
2.571297257005237258e-01
1.374921080796380479e-01
1.374729400357852516e-01
3.575380225908011411e-01
1.480995483838487559e-01
1.887962287108723991e-01
2.951134919081038199e-01
1.376512560708914035e-01
2.653307972287293759e-01
1.346526113251456935e-01
1.723916488454755036e-01
1.410533253075554883e-01
2.503889158141101023e-01
1.856693823995533843e-01
1.744645258533418786e-01
1.245660560818854512e-01
1.595088208703590582e-01
1.394728041898148641e-01
1.257796552711224758e-01
1.376798754869610897e-01
1.886242441817108928e-01
2.337667583962902418e-01
1.339970259322435520e-01
1.396007952577055788e-01
1.322346783766988609e-01
2.221700991147663173e-01
1.184787603527947819e-01
1.539433529691305313e-01
1.147808759253239330e-01
1.664172329332330169e-01
1.385681463606655561e-01
6.822202771168667246e-02
1.506916367658530376e-01
9.915674112652776706e-02
8.684729761979542717e-02
9.845555577019696192e-02
6.294590915841401235e-02
3.859472128197861257e-02
9.783299273354932601e-02
9.375779749018693654e-02
6.180830856305545573e-02
1.348304968314769370e-01
2.911322633925010270e-02
9.278646808499468879e-02
6.157890206090330110e-02
5.549642017382429987e-02
1.023181567271046061e-01
2.960146907396847202e-02
1.197717632755714717e-01
9.337148517565638239e-02
2.266829946280922783e-02
1.253672688299072302e-01
1.451632942585129038e-01
1.380896112499293005e-01
5.345650465157814057e-02
1.042463353601827541e-01
7.136859356244011632e-02
7.312100782906295893e-02
5.536894258860410728e-02
1.418225716112647347e-02
7.465252336714182924e-02
2.312963094400241615e-01
4.876909142715157852e-02
4.654483581768969341e-02
5.243356395136409415e-02
8.517295500354375715e-02
8.718147396048153697e-02
1.000162370693178648e-01
7.881786847479332891e-02
3.231590638114721636e-02
7.465588657517219229e-02
3.727172772799773603e-02
2.139349061550747250e-02
5.957342900346339343e-02
1.966832154566654917e-02
2.877361322219561257e-02
8.542235557597206708e-02
7.616753430263198399e-02
4.295581584416795218e-02
3.024796899188368290e-02
5.314868858394523193e-02
7.349343604130556540e-02
5.137942317810083315e-02
9.975030839114819303e-02
1.102789625878285856e-01
5.579073490523732415e-02
4.869882259941057251e-02
1.025716016790538671e-01
1.178489612203314357e-01
9.315269343994925233e-02
4.881492823791146879e-02
8.207396805858784006e-02
1.176913508828147242e-02
2.715185820622719251e-02
4.438925633946200905e-02
6.205517291710809652e-02
5.915790751241002676e-02
3.582098265076880811e-02
1.051363149404392627e-01
1.423127615159804245e-02
4.099501021720062394e-02
1.415194699428199560e-02
3.357991763847385791e-02
4.850916138383278703e-02
5.118230886189847895e-02
8.841506712649910282e-02
8.549006501395758906e-02
3.448071109468073270e-02
2.571233086737144749e-02
1.921550541925050315e-02
8.699490539656833804e-03
4.996514468805980658e-02
2.705828209493068431e-02
1.299315932131685225e-02
1.614865990398114612e-02
2.387907232754514324e-03
6.648815533576755976e-02
1.618318341436679464e-02
1.048556736252339860e-01
1.431746903609564664e-02
1.172152213467537313e-02
4.699784642993681122e-02
5.331054784532170999e-03
4.648408767963336380e-02
5.037184578548476593e-03
1.770966846351681653e-02
8.091488930827473239e-03
2.457321518794439857e-03
7.483797939290706691e-02
2.903047869551907221e-03
6.211540254764258938e-03
8.869844675406055728e-03
3.745403074128868855e-03
3.076042289446923213e-03
5.310048114590851936e-03
2.247352436905203192e-03
2.311454287784726717e-03
5.095294793391077007e-03
1.508362745508748121e-03
5.562123992195303068e-02
6.467462199068541376e-03
2.254452135377505318e-03
1.644349148703440865e-03
3.740157699184541024e-03
1.459313470468259679e-03
5.606844338066972050e-02
5.706675833733606922e-03
