2.299150284903390240e+00
2.286948462963104056e+00
2.150343868255615298e+00
2.000465537707011077e+00
1.935886169672012436e+00
1.851287159323692144e+00
1.774329072904586635e+00
1.688959088007608855e+00
1.579525658190250370e+00
1.524373155713081296e+00
1.379348032275835578e+00
1.355159953157106800e+00
1.307705455809831774e+00
1.271504068732261850e+00
1.142704535156488399e+00
1.075559354692697589e+00
1.039124063581228219e+00
9.470956822335721004e-01
9.918847690025964781e-01
7.593977061241865556e-01
7.637648352365941085e-01
8.784555213600397927e-01
6.997624664455652788e-01
7.578875601179897448e-01
6.840790245234966704e-01
7.075949422288685398e-01
6.394557665027678084e-01
6.394857429464657628e-01
6.281928438202789566e-01
5.189914623172954267e-01
4.842332989784578490e-01
5.744057360005875301e-01
6.017123827303626493e-01
4.614564087564747008e-01
5.755952667123637179e-01
5.910719269297551870e-01
5.354286293440188027e-01
4.023128548422828521e-01
6.254057685853913195e-01
5.936414246740751022e-01
6.191269025914369895e-01
5.807133796881884802e-01
4.389479576192796273e-01
4.537052026973106278e-01
5.187518257237970776e-01
5.167645779557525909e-01
4.173089904735928224e-01
3.984596780739724786e-01
4.858855548637802668e-01
3.859941736189648198e-01
3.661378063930508797e-01
4.421823450569839498e-01
3.833494204995222532e-01
5.440294785790145138e-01
4.464766675972379195e-01
4.056226624526704794e-01
4.361700406419113385e-01
4.275219632125614733e-01
4.227659272487895858e-01
2.694091439733747317e-01
3.138532657143659477e-01
4.337281007644721020e-01
3.000663207583129655e-01
3.698230931867534932e-01
3.340985784507356504e-01
4.054841709169559882e-01
2.584087458589734987e-01
4.515737227148375332e-01
3.513679736962075917e-01
3.702940361411310999e-01
3.101457783201709839e-01
3.752579914787784743e-01
4.961286990050227108e-01
3.263274997490354656e-01
2.915145446391776418e-01
2.952311992345377778e-01
3.112936059841885927e-01
3.856879943360496665e-01
2.282127666585147541e-01
3.941650384305199761e-01
2.593590452777376765e-01
3.183796619937223071e-01
1.854363363708058932e-01
2.592312661457496503e-01
3.497364519992261500e-01
3.311179625677565519e-01
2.992674085899877379e-01
3.164442614231258721e-01
4.740125064595292481e-01
2.566472541096486704e-01
2.939106677352451014e-01
2.628487630539573239e-01
2.592921908634714390e-01
2.724331033209338448e-01
3.039984648256961464e-01
2.849396360466323053e-01
2.912777804875513188e-01
3.040434434559817212e-01
2.918938233170658703e-01
3.340162526381512120e-01
2.538891046834177989e-01
2.747303460999391822e-01
3.027011058122152654e-01
2.699735922031687441e-01
2.908594532669521726e-01
2.810154243700205834e-01
2.607511786493705297e-01
1.238201903649605723e-01
3.248397955430361583e-01
3.240925916400738127e-01
3.436990206228569544e-01
2.175933350236155250e-01
2.421110733564710293e-01
2.715710523070801186e-01
2.515864995745942245e-01
2.066641859774477896e-01
2.213505765220150356e-01
2.873164047287428136e-01
2.522880113798504076e-01
1.980005124412128059e-01
2.693924226024188018e-01
2.346386557698715292e-01
1.926216532821301564e-01
2.280273489161394329e-01
2.933804403226822899e-01
2.475042691805865447e-01
1.511180586660630099e-01
2.893444396336563029e-01
2.881972671461291435e-01
2.736038997106254311e-01
1.331324382924358174e-01
1.796085197265492872e-01
2.392186661933083380e-01
1.750537151709819772e-01
2.761941730886077195e-01
1.984146318590501168e-01
2.508043591474415912e-01
3.349783190881522876e-01
2.093194541427073896e-01
2.416927880683602814e-01
1.970121167730540246e-01
1.903185650185332811e-01
2.269537490713875449e-01
1.384615631020569837e-01
3.725998137795831777e-01
1.634212216469750623e-01
2.456756412470713080e-01
2.447672552352305464e-01
2.558194469812326011e-01
2.307948028314859013e-01
2.653709701070717242e-01
1.421059357589110617e-01
2.042072732755914333e-01
1.319099331001052644e-01
1.810494324488487461e-01
1.880967377944034180e-01
1.259384039296302937e-01
1.884695789672301280e-01
1.590353513727430224e-01
1.383071556838229577e-01
2.018566952176857610e-01
2.364282048826183702e-01
2.167180575184368685e-01
1.572761537118931574e-01
1.769879927026728750e-01
2.231089969661552430e-01
1.709448968164312410e-01
1.522719969534470363e-01
2.084525128616369349e-01
1.367053666301847603e-01
2.241939318855625807e-01
1.809132642941549685e-01
1.702383282189257330e-01
2.070804415093346895e-01
1.143986672760220341e-01
1.807084591139573315e-01
2.087898319954207826e-01
1.360736158290722919e-01
1.935432748593932939e-01
1.679953402263636153e-01
1.591372924026102087e-01
1.602846667905338252e-01
9.726403877502307060e-02
1.456672852763149506e-01
1.049366402514278762e-01
1.874020211426208338e-01
2.027911768808116633e-01
1.087848258936777723e-01
1.530213073132326573e-01
1.592584613657866688e-01
1.330023008382801575e-01
1.000769914332311494e-01
1.866275275421852842e-01
1.346706862240763802e-01
1.638073420040774830e-01
1.834846523460970380e-01
1.049097640919887109e-01
1.314140793864848056e-01
1.713754763400182068e-01
3.284794724212261041e-01
