9.739999771118164062e+00
4.343999862670898438e+01
5.743000030517578125e+01
6.374000167846679688e+01
8.101000213623046875e+01
8.779000091552734375e+01
8.941000366210937500e+01
8.770999908447265625e+01
9.016000366210937500e+01
9.208999633789062500e+01
9.129000091552734375e+01
9.205999755859375000e+01
9.304000091552734375e+01
9.362000274658203125e+01
9.316999816894531250e+01
9.340000152587890625e+01
9.276000213623046875e+01
9.512000274658203125e+01
9.373000335693359375e+01
9.372000122070312500e+01
9.511000061035156250e+01
9.412999725341796875e+01
9.187000274658203125e+01
9.294999694824218750e+01
9.519999694824218750e+01
9.472000122070312500e+01
9.522000122070312500e+01
9.498999786376953125e+01
9.487999725341796875e+01
9.626999664306640625e+01
9.537999725341796875e+01
9.515000152587890625e+01
9.640000152587890625e+01
9.648999786376953125e+01
9.501000213623046875e+01
9.527999877929687500e+01
9.683999633789062500e+01
9.676999664306640625e+01
9.626000213623046875e+01
9.558999633789062500e+01
9.468000030517578125e+01
9.550000000000000000e+01
9.620999908447265625e+01
9.523999786376953125e+01
9.634999847412109375e+01
9.655000305175781250e+01
9.651000213623046875e+01
9.552999877929687500e+01
9.605999755859375000e+01
9.659999847412109375e+01
9.650000000000000000e+01
9.530999755859375000e+01
9.609999847412109375e+01
9.577999877929687500e+01
9.619999694824218750e+01
9.616000366210937500e+01
9.527999877929687500e+01
9.630999755859375000e+01
9.661000061035156250e+01
9.706999969482421875e+01
9.648999786376953125e+01
9.648000335693359375e+01
9.625000000000000000e+01
9.675000000000000000e+01
9.654000091552734375e+01
9.712999725341796875e+01
9.687999725341796875e+01
9.684999847412109375e+01
9.687000274658203125e+01
9.609999847412109375e+01
9.719000244140625000e+01
9.655999755859375000e+01
9.666999816894531250e+01
9.680999755859375000e+01
9.712999725341796875e+01
9.527999877929687500e+01
9.726999664306640625e+01
9.719000244140625000e+01
9.662000274658203125e+01
9.676000213623046875e+01
9.720999908447265625e+01
9.643000030517578125e+01
9.651000213623046875e+01
9.751999664306640625e+01
9.715000152587890625e+01
9.716999816894531250e+01
9.668000030517578125e+01
9.737000274658203125e+01
9.693000030517578125e+01
9.744000244140625000e+01
9.680000305175781250e+01
9.729000091552734375e+01
9.640000152587890625e+01
9.766999816894531250e+01
9.687000274658203125e+01
9.748000335693359375e+01
9.658000183105468750e+01
9.698000335693359375e+01
9.752999877929687500e+01
9.736000061035156250e+01
9.708999633789062500e+01
9.676999664306640625e+01
9.740000152587890625e+01
9.695999908447265625e+01
9.744000244140625000e+01
9.666999816894531250e+01
9.709999847412109375e+01
9.722000122070312500e+01
9.766000366210937500e+01
9.734999847412109375e+01
9.702999877929687500e+01
9.662000274658203125e+01
9.663999938964843750e+01
9.744000244140625000e+01
9.737000274658203125e+01
9.684999847412109375e+01
9.731999969482421875e+01
9.784999847412109375e+01
9.734999847412109375e+01
9.748000335693359375e+01
9.730999755859375000e+01
9.705999755859375000e+01
9.766999816894531250e+01
9.791999816894531250e+01
9.720999908447265625e+01
9.758000183105468750e+01
9.794000244140625000e+01
9.727999877929687500e+01
9.723999786376953125e+01
9.766999816894531250e+01
9.723000335693359375e+01
9.644000244140625000e+01
9.679000091552734375e+01
9.747000122070312500e+01
9.741999816894531250e+01
9.776999664306640625e+01
9.765000152587890625e+01
9.694000244140625000e+01
9.698000335693359375e+01
9.747000122070312500e+01
9.730000305175781250e+01
9.769999694824218750e+01
9.748999786376953125e+01
9.738999938964843750e+01
9.784999847412109375e+01
9.776999664306640625e+01
9.752999877929687500e+01
9.700000000000000000e+01
9.768000030517578125e+01
9.786000061035156250e+01
9.695999908447265625e+01
9.768000030517578125e+01
9.701000213623046875e+01
9.738999938964843750e+01
9.700000000000000000e+01
9.769000244140625000e+01
9.651000213623046875e+01
9.758000183105468750e+01
9.752999877929687500e+01
9.741999816894531250e+01
9.783999633789062500e+01
9.737999725341796875e+01
9.762000274658203125e+01
9.794000244140625000e+01
9.773999786376953125e+01
9.751999664306640625e+01
9.780999755859375000e+01
9.781999969482421875e+01
9.798999786376953125e+01
9.756999969482421875e+01
9.687000274658203125e+01
9.781999969482421875e+01
9.772000122070312500e+01
9.781999969482421875e+01
9.769999694824218750e+01
9.808999633789062500e+01
9.805000305175781250e+01
9.737000274658203125e+01
9.781999969482421875e+01
9.711000061035156250e+01
9.748000335693359375e+01
9.600000000000000000e+01
9.770999908447265625e+01
9.779000091552734375e+01
9.766999816894531250e+01
9.770999908447265625e+01
9.791000366210937500e+01
9.806999969482421875e+01
9.741000366210937500e+01
9.759999847412109375e+01
9.751999664306640625e+01
9.711000061035156250e+01
9.776999664306640625e+01
9.733000183105468750e+01
9.748999786376953125e+01
9.756999969482421875e+01
9.763999938964843750e+01
9.740000152587890625e+01
9.772000122070312500e+01
9.808000183105468750e+01
