1.619000053405761719e+01
3.829000091552734375e+01
6.011000061035156250e+01
5.654999923706054688e+01
7.443000030517578125e+01
8.591000366210937500e+01
8.731999969482421875e+01
8.693000030517578125e+01
8.705000305175781250e+01
8.270999908447265625e+01
8.437999725341796875e+01
8.791999816894531250e+01
8.701000213623046875e+01
8.618000030517578125e+01
8.144999694824218750e+01
9.358999633789062500e+01
9.141000366210937500e+01
8.970999908447265625e+01
8.970999908447265625e+01
8.729000091552734375e+01
9.079000091552734375e+01
9.155999755859375000e+01
9.233999633789062500e+01
9.298000335693359375e+01
9.313999938964843750e+01
9.312999725341796875e+01
9.016000366210937500e+01
9.486000061035156250e+01
9.544999694824218750e+01
8.531999969482421875e+01
9.330000305175781250e+01
9.401000213623046875e+01
9.280999755859375000e+01
9.362999725341796875e+01
9.547000122070312500e+01
9.369999694824218750e+01
9.583999633789062500e+01
9.140000152587890625e+01
9.269000244140625000e+01
9.436000061035156250e+01
9.580999755859375000e+01
9.580999755859375000e+01
9.376999664306640625e+01
9.491000366210937500e+01
9.486000061035156250e+01
9.470999908447265625e+01
9.576999664306640625e+01
9.500000000000000000e+01
9.559999847412109375e+01
9.145999908447265625e+01
