1.009000015258789062e+01
3.227999877929687500e+01
4.002999877929687500e+01
3.983000183105468750e+01
5.843000030517578125e+01
7.277999877929687500e+01
7.091999816894531250e+01
8.216999816894531250e+01
8.031999969482421875e+01
7.852999877929687500e+01
8.493000030517578125e+01
8.451999664306640625e+01
8.626000213623046875e+01
8.569000244140625000e+01
8.976999664306640625e+01
8.490000152587890625e+01
8.579000091552734375e+01
8.716999816894531250e+01
8.780999755859375000e+01
8.995999908447265625e+01
9.168000030517578125e+01
8.922000122070312500e+01
8.744000244140625000e+01
9.037999725341796875e+01
8.940000152587890625e+01
9.198999786376953125e+01
9.111000061035156250e+01
8.183000183105468750e+01
9.065000152587890625e+01
9.334999847412109375e+01
9.381999969482421875e+01
9.004000091552734375e+01
9.316000366210937500e+01
9.433000183105468750e+01
9.298999786376953125e+01
8.552999877929687500e+01
9.409999847412109375e+01
8.944000244140625000e+01
9.320999908447265625e+01
9.223999786376953125e+01
9.423999786376953125e+01
9.151000213623046875e+01
9.198999786376953125e+01
9.369000244140625000e+01
9.255000305175781250e+01
9.177999877929687500e+01
9.386000061035156250e+01
8.976000213623046875e+01
9.480999755859375000e+01
9.495999908447265625e+01
