0.000000000000000000e+00
3.840999984741210938e+01
6.116999816894531250e+01
5.659999847412109375e+01
7.491000366210937500e+01
7.848999786376953125e+01
7.236000061035156250e+01
8.673999786376953125e+01
8.223000335693359375e+01
8.844999694824218750e+01
8.933000183105468750e+01
9.108999633789062500e+01
9.233000183105468750e+01
9.191999816894531250e+01
9.276999664306640625e+01
9.112000274658203125e+01
9.130000305175781250e+01
9.288999938964843750e+01
9.262000274658203125e+01
9.437999725341796875e+01
9.465000152587890625e+01
9.143000030517578125e+01
9.480000305175781250e+01
9.545999908447265625e+01
9.066999816894531250e+01
9.041000366210937500e+01
9.515000152587890625e+01
9.509999847412109375e+01
9.523999786376953125e+01
9.580999755859375000e+01
9.270999908447265625e+01
9.270999908447265625e+01
9.531999969482421875e+01
9.358999633789062500e+01
9.572000122070312500e+01
9.408999633789062500e+01
9.370999908447265625e+01
9.319999694824218750e+01
9.587999725341796875e+01
9.594000244140625000e+01
9.623000335693359375e+01
9.637999725341796875e+01
9.575000000000000000e+01
9.411000061035156250e+01
9.672000122070312500e+01
9.666999816894531250e+01
9.613999938964843750e+01
9.529000091552734375e+01
9.529000091552734375e+01
9.705000305175781250e+01
9.680000305175781250e+01
9.693000030517578125e+01
9.723000335693359375e+01
9.680000305175781250e+01
9.718000030517578125e+01
9.697000122070312500e+01
9.697000122070312500e+01
9.513999938964843750e+01
9.426000213623046875e+01
9.601999664306640625e+01
9.455999755859375000e+01
9.670999908447265625e+01
9.587999725341796875e+01
9.687000274658203125e+01
9.677999877929687500e+01
9.645999908447265625e+01
9.527999877929687500e+01
9.508999633789062500e+01
9.666000366210937500e+01
9.630999755859375000e+01
9.688999938964843750e+01
9.738999938964843750e+01
9.690000152587890625e+01
9.597000122070312500e+01
9.704000091552734375e+01
9.705999755859375000e+01
9.705999755859375000e+01
9.716000366210937500e+01
9.686000061035156250e+01
9.744999694824218750e+01
9.715000152587890625e+01
9.752999877929687500e+01
9.738999938964843750e+01
9.712999725341796875e+01
9.723999786376953125e+01
9.719000244140625000e+01
9.719000244140625000e+01
9.604000091552734375e+01
9.719999694824218750e+01
9.758000183105468750e+01
9.712999725341796875e+01
9.702999877929687500e+01
9.726000213623046875e+01
9.758000183105468750e+01
9.718000030517578125e+01
9.718000030517578125e+01
9.687999725341796875e+01
9.681999969482421875e+01
9.727999877929687500e+01
9.737000274658203125e+01
9.727999877929687500e+01
9.747000122070312500e+01
9.766000366210937500e+01
9.527999877929687500e+01
9.740000152587890625e+01
9.612000274658203125e+01
9.786000061035156250e+01
9.794999694824218750e+01
9.555000305175781250e+01
9.709999847412109375e+01
9.504000091552734375e+01
9.751999664306640625e+01
9.573000335693359375e+01
9.727999877929687500e+01
9.736000061035156250e+01
9.506999969482421875e+01
9.745999908447265625e+01
9.726000213623046875e+01
9.741000366210937500e+01
9.723000335693359375e+01
9.733000183105468750e+01
9.740000152587890625e+01
9.745999908447265625e+01
9.712000274658203125e+01
9.730000305175781250e+01
9.705999755859375000e+01
9.734999847412109375e+01
9.741999816894531250e+01
9.787000274658203125e+01
9.758000183105468750e+01
9.758000183105468750e+01
9.691999816894531250e+01
9.775000000000000000e+01
9.712000274658203125e+01
9.712000274658203125e+01
9.712000274658203125e+01
9.768000030517578125e+01
9.738999938964843750e+01
9.673000335693359375e+01
9.679000091552734375e+01
9.738999938964843750e+01
9.770999908447265625e+01
9.750000000000000000e+01
9.773999786376953125e+01
9.741000366210937500e+01
9.762000274658203125e+01
9.715000152587890625e+01
9.748000335693359375e+01
9.781999969482421875e+01
9.768000030517578125e+01
9.744000244140625000e+01
9.726000213623046875e+01
9.748000335693359375e+01
9.736000061035156250e+01
9.754000091552734375e+01
9.794000244140625000e+01
9.747000122070312500e+01
9.688999938964843750e+01
9.762000274658203125e+01
9.756999969482421875e+01
9.773000335693359375e+01
9.780999755859375000e+01
9.769999694824218750e+01
9.752999877929687500e+01
9.786000061035156250e+01
9.800000000000000000e+01
9.701000213623046875e+01
9.740000152587890625e+01
9.769999694824218750e+01
9.780000305175781250e+01
9.783000183105468750e+01
9.606999969482421875e+01
9.733999633789062500e+01
9.766000366210937500e+01
9.787999725341796875e+01
9.761000061035156250e+01
9.801999664306640625e+01
9.673000335693359375e+01
9.722000122070312500e+01
9.722000122070312500e+01
9.763999938964843750e+01
9.795999908447265625e+01
9.758999633789062500e+01
9.783999633789062500e+01
9.808999633789062500e+01
9.758999633789062500e+01
9.779000091552734375e+01
9.716999816894531250e+01
9.813999938964843750e+01
9.793000030517578125e+01
9.793000030517578125e+01
9.783000183105468750e+01
9.762999725341796875e+01
9.756999969482421875e+01
9.744000244140625000e+01
9.768000030517578125e+01
9.765000152587890625e+01
9.594999694824218750e+01
9.773999786376953125e+01
9.816000366210937500e+01
