2.274000000000000000e+03
5.536000000000000000e+03
6.315000000000000000e+03
8.196000000000000000e+03
1.037000000000000000e+04
1.362500000000000000e+04
1.613900000000000000e+04
1.944000000000000000e+04
2.165300000000000000e+04
2.371300000000000000e+04
2.491000000000000000e+04
2.774900000000000000e+04
2.959200000000000000e+04
3.417000000000000000e+04
3.707900000000000000e+04
4.086500000000000000e+04
4.248600000000000000e+04
4.469000000000000000e+04
4.946700000000000000e+04
5.118500000000000000e+04
5.442000000000000000e+04
5.596900000000000000e+04
5.733000000000000000e+04
6.051600000000000000e+04
6.188000000000000000e+04
6.352700000000000000e+04
6.539800000000000000e+04
6.902800000000000000e+04
7.216300000000000000e+04
7.460000000000000000e+04
7.913000000000000000e+04
8.228200000000000000e+04
8.475000000000000000e+04
8.716700000000000000e+04
8.759100000000000000e+04
8.986500000000000000e+04
9.325100000000000000e+04
9.361500000000000000e+04
9.540100000000000000e+04
9.708000000000000000e+04
9.939600000000000000e+04
1.022870000000000000e+05
1.043780000000000000e+05
1.050120000000000000e+05
1.060910000000000000e+05
1.098240000000000000e+05
1.109600000000000000e+05
1.137510000000000000e+05
1.160880000000000000e+05
1.197270000000000000e+05
1.213990000000000000e+05
1.220410000000000000e+05
1.249230000000000000e+05
1.264090000000000000e+05
1.293210000000000000e+05
1.305310000000000000e+05
1.331140000000000000e+05
1.356720000000000000e+05
1.386270000000000000e+05
1.404160000000000000e+05
1.436110000000000000e+05
1.465810000000000000e+05
1.475760000000000000e+05
1.520990000000000000e+05
1.526110000000000000e+05
1.544200000000000000e+05
1.574120000000000000e+05
1.593940000000000000e+05
1.619250000000000000e+05
1.664250000000000000e+05
1.682460000000000000e+05
1.707510000000000000e+05
1.740180000000000000e+05
1.777940000000000000e+05
1.789240000000000000e+05
1.820800000000000000e+05
1.843770000000000000e+05
1.846440000000000000e+05
1.870540000000000000e+05
1.893880000000000000e+05
1.915800000000000000e+05
1.931040000000000000e+05
1.958440000000000000e+05
1.986220000000000000e+05
2.000060000000000000e+05
2.032900000000000000e+05
2.057110000000000000e+05
2.083070000000000000e+05
2.112650000000000000e+05
2.142350000000000000e+05
2.164530000000000000e+05
2.188440000000000000e+05
2.232340000000000000e+05
2.262590000000000000e+05
2.299730000000000000e+05
2.323340000000000000e+05
2.351720000000000000e+05
2.388140000000000000e+05
2.417000000000000000e+05
2.436860000000000000e+05
2.448640000000000000e+05
2.482320000000000000e+05
2.520960000000000000e+05
2.553020000000000000e+05
2.573930000000000000e+05
2.582410000000000000e+05
2.610840000000000000e+05
2.631450000000000000e+05
2.650520000000000000e+05
2.697440000000000000e+05
2.738430000000000000e+05
2.780020000000000000e+05
2.793330000000000000e+05
2.801030000000000000e+05
2.832420000000000000e+05
2.850520000000000000e+05
2.870870000000000000e+05
2.881530000000000000e+05
2.901780000000000000e+05
2.911660000000000000e+05
2.918000000000000000e+05
2.952310000000000000e+05
2.979140000000000000e+05
3.017690000000000000e+05
3.031990000000000000e+05
3.068690000000000000e+05
3.080870000000000000e+05
3.106680000000000000e+05
3.136370000000000000e+05
3.169740000000000000e+05
3.204500000000000000e+05
3.227960000000000000e+05
3.237560000000000000e+05
3.249350000000000000e+05
3.296560000000000000e+05
3.326620000000000000e+05
3.340840000000000000e+05
3.359120000000000000e+05
3.367640000000000000e+05
3.370910000000000000e+05
3.392550000000000000e+05
3.403700000000000000e+05
3.416460000000000000e+05
3.450800000000000000e+05
3.473750000000000000e+05
3.504060000000000000e+05
3.531470000000000000e+05
3.538990000000000000e+05
3.564800000000000000e+05
3.590430000000000000e+05
3.633450000000000000e+05
3.646790000000000000e+05
3.681140000000000000e+05
3.705270000000000000e+05
3.724120000000000000e+05
3.738880000000000000e+05
3.776080000000000000e+05
3.794390000000000000e+05
3.803510000000000000e+05
3.852590000000000000e+05
3.878490000000000000e+05
3.923320000000000000e+05
3.945280000000000000e+05
3.973340000000000000e+05
4.002000000000000000e+05
4.017220000000000000e+05
4.055690000000000000e+05
4.085930000000000000e+05
4.111820000000000000e+05
4.130430000000000000e+05
4.157160000000000000e+05
4.175970000000000000e+05
4.192430000000000000e+05
4.213020000000000000e+05
4.231730000000000000e+05
4.242350000000000000e+05
4.283080000000000000e+05
4.301550000000000000e+05
4.313580000000000000e+05
4.328790000000000000e+05
4.364280000000000000e+05
4.386510000000000000e+05
4.418170000000000000e+05
4.428650000000000000e+05
4.455480000000000000e+05
4.483400000000000000e+05
4.504550000000000000e+05
4.522140000000000000e+05
4.554360000000000000e+05
4.572670000000000000e+05
4.589950000000000000e+05
4.636280000000000000e+05
4.648080000000000000e+05
4.673070000000000000e+05
4.697170000000000000e+05
4.711110000000000000e+05
4.732650000000000000e+05
4.750100000000000000e+05
4.750100000000000000e+05
4.761040000000000000e+05
4.791800000000000000e+05
4.799500000000000000e+05
4.825600000000000000e+05
4.852210000000000000e+05
4.869900000000000000e+05
4.907710000000000000e+05
4.926710000000000000e+05
4.939370000000000000e+05
4.946280000000000000e+05
4.977110000000000000e+05
4.992650000000000000e+05
5.006490000000000000e+05
5.035570000000000000e+05
5.062600000000000000e+05
5.088040000000000000e+05
5.091750000000000000e+05
5.117570000000000000e+05
5.163050000000000000e+05
5.179080000000000000e+05
5.195710000000000000e+05
5.216460000000000000e+05
5.249500000000000000e+05
5.259980000000000000e+05
5.293600000000000000e+05
5.332080000000000000e+05
5.346980000000000000e+05
5.368900000000000000e+05
5.391140000000000000e+05
5.408380000000000000e+05
5.424850000000000000e+05
5.442270000000000000e+05
5.459400000000000000e+05
5.488190000000000000e+05
5.524490000000000000e+05
5.570720000000000000e+05
5.601580000000000000e+05
5.639160000000000000e+05
5.687740000000000000e+05
5.716590000000000000e+05
5.746030000000000000e+05
5.762920000000000000e+05
5.800200000000000000e+05
5.806440000000000000e+05
5.823960000000000000e+05
5.849660000000000000e+05
5.864900000000000000e+05
5.884060000000000000e+05
5.897210000000000000e+05
5.919230000000000000e+05
5.935270000000000000e+05
5.948790000000000000e+05
5.959490000000000000e+05
5.987280000000000000e+05
5.998510000000000000e+05
6.016270000000000000e+05
6.037340000000000000e+05
6.062500000000000000e+05
6.091860000000000000e+05
6.122500000000000000e+05
6.162720000000000000e+05
6.176880000000000000e+05
6.224160000000000000e+05
6.248760000000000000e+05
6.273760000000000000e+05
6.292250000000000000e+05
6.329480000000000000e+05
6.361950000000000000e+05
6.386290000000000000e+05
6.423810000000000000e+05
6.440130000000000000e+05
6.478700000000000000e+05
6.524730000000000000e+05
6.559580000000000000e+05
6.581100000000000000e+05
6.591080000000000000e+05
6.633630000000000000e+05
6.675220000000000000e+05
6.696280000000000000e+05
6.719620000000000000e+05
6.760860000000000000e+05
6.810580000000000000e+05
6.838750000000000000e+05
6.858870000000000000e+05
6.884880000000000000e+05
6.924870000000000000e+05
6.940300000000000000e+05
6.942970000000000000e+05
6.958370000000000000e+05
6.974050000000000000e+05
7.002160000000000000e+05
7.013950000000000000e+05
7.040910000000000000e+05
7.080130000000000000e+05
7.092900000000000000e+05
7.126310000000000000e+05
7.147370000000000000e+05
7.199860000000000000e+05
7.242260000000000000e+05
7.277580000000000000e+05
7.321310000000000000e+05
7.343970000000000000e+05
7.377500000000000000e+05
7.409020000000000000e+05
7.425060000000000000e+05
7.448230000000000000e+05
7.467530000000000000e+05
7.473950000000000000e+05
7.497960000000000000e+05
7.530000000000000000e+05
7.534280000000000000e+05
7.575660000000000000e+05
7.620000000000000000e+05
7.638130000000000000e+05
7.661220000000000000e+05
7.681960000000000000e+05
7.709520000000000000e+05
7.731440000000000000e+05
7.768780000000000000e+05
7.809450000000000000e+05
7.836240000000000000e+05
7.842700000000000000e+05
7.873480000000000000e+05
7.895850000000000000e+05
7.926170000000000000e+05
7.940390000000000000e+05
7.956850000000000000e+05
8.000690000000000000e+05
8.009020000000000000e+05
8.038450000000000000e+05
8.068120000000000000e+05
8.098370000000000000e+05
8.128440000000000000e+05
8.144140000000000000e+05
8.158930000000000000e+05
8.188940000000000000e+05
8.209510000000000000e+05
8.250560000000000000e+05
8.295750000000000000e+05
8.340650000000000000e+05
8.373930000000000000e+05
8.382940000000000000e+05
8.404540000000000000e+05
8.439040000000000000e+05
8.468810000000000000e+05
8.506730000000000000e+05
8.540940000000000000e+05
8.553770000000000000e+05
8.573460000000000000e+05
8.606710000000000000e+05
8.626330000000000000e+05
8.648410000000000000e+05
8.683420000000000000e+05
8.703780000000000000e+05
8.720640000000000000e+05
8.766750000000000000e+05
8.792570000000000000e+05
8.808780000000000000e+05
8.834220000000000000e+05
8.865200000000000000e+05
8.888390000000000000e+05
8.906640000000000000e+05
8.925130000000000000e+05
8.947650000000000000e+05
8.975510000000000000e+05
9.010120000000000000e+05
9.034490000000000000e+05
9.042010000000000000e+05
9.056230000000000000e+05
9.094330000000000000e+05
9.123510000000000000e+05
9.146960000000000000e+05
9.169600000000000000e+05
9.187370000000000000e+05
9.210140000000000000e+05
9.225980000000000000e+05
9.264690000000000000e+05
9.279100000000000000e+05
9.293520000000000000e+05
9.314710000000000000e+05
9.335370000000000000e+05
9.357740000000000000e+05
9.378230000000000000e+05
9.420210000000000000e+05
9.433900000000000000e+05
9.462590000000000000e+05
9.482740000000000000e+05
9.508080000000000000e+05
9.529930000000000000e+05
9.540060000000000000e+05
9.586750000000000000e+05
9.619360000000000000e+05
9.646990000000000000e+05
9.680660000000000000e+05
9.703210000000000000e+05
9.733770000000000000e+05
9.773190000000000000e+05
9.798770000000000000e+05
9.842100000000000000e+05
9.863130000000000000e+05
9.903680000000000000e+05
