1.924000000000000000e+03
7.178000000000000000e+03
1.298300000000000000e+04
1.774900000000000000e+04
2.035700000000000000e+04
2.664300000000000000e+04
3.290200000000000000e+04
3.857100000000000000e+04
4.476700000000000000e+04
5.091600000000000000e+04
5.628100000000000000e+04
6.296500000000000000e+04
6.720800000000000000e+04
7.339300000000000000e+04
8.009500000000000000e+04
8.669500000000000000e+04
9.293600000000000000e+04
9.823200000000000000e+04
1.031010000000000000e+05
1.091730000000000000e+05
1.154520000000000000e+05
1.199400000000000000e+05
1.275590000000000000e+05
1.333610000000000000e+05
1.382640000000000000e+05
1.442250000000000000e+05
1.501160000000000000e+05
1.560690000000000000e+05
1.622810000000000000e+05
1.686470000000000000e+05
1.755700000000000000e+05
1.822060000000000000e+05
1.878940000000000000e+05
1.953900000000000000e+05
2.016170000000000000e+05
2.070130000000000000e+05
2.142860000000000000e+05
2.210730000000000000e+05
2.261660000000000000e+05
2.333070000000000000e+05
2.399220000000000000e+05
2.464280000000000000e+05
2.525090000000000000e+05
2.588090000000000000e+05
2.644820000000000000e+05
2.703210000000000000e+05
2.765730000000000000e+05
2.830390000000000000e+05
2.883220000000000000e+05
2.936460000000000000e+05
2.993400000000000000e+05
3.052160000000000000e+05
3.104210000000000000e+05
3.172280000000000000e+05
3.228660000000000000e+05
3.293630000000000000e+05
3.362820000000000000e+05
3.418950000000000000e+05
3.485570000000000000e+05
3.547990000000000000e+05
3.603190000000000000e+05
3.668840000000000000e+05
3.732530000000000000e+05
3.802160000000000000e+05
3.867820000000000000e+05
3.937080000000000000e+05
4.005510000000000000e+05
4.058260000000000000e+05
4.113560000000000000e+05
4.184680000000000000e+05
4.253920000000000000e+05
4.323160000000000000e+05
4.391590000000000000e+05
4.451530000000000000e+05
4.518370000000000000e+05
4.589100000000000000e+05
4.642450000000000000e+05
4.701390000000000000e+05
4.766280000000000000e+05
4.828630000000000000e+05
4.892890000000000000e+05
4.962330000000000000e+05
5.024240000000000000e+05
5.090830000000000000e+05
5.154580000000000000e+05
5.216170000000000000e+05
5.282690000000000000e+05
5.345650000000000000e+05
5.400940000000000000e+05
5.458830000000000000e+05
5.518910000000000000e+05
5.580390000000000000e+05
5.646120000000000000e+05
5.721110000000000000e+05
5.785410000000000000e+05
5.840660000000000000e+05
5.899470000000000000e+05
5.970260000000000000e+05
6.036290000000000000e+05
6.099620000000000000e+05
6.159760000000000000e+05
6.227680000000000000e+05
6.278910000000000000e+05
6.340740000000000000e+05
6.397140000000000000e+05
6.468770000000000000e+05
6.540100000000000000e+05
6.608030000000000000e+05
6.675550000000000000e+05
6.738440000000000000e+05
6.801720000000000000e+05
6.863750000000000000e+05
6.919200000000000000e+05
6.964140000000000000e+05
7.041310000000000000e+05
7.096310000000000000e+05
7.154120000000000000e+05
7.222340000000000000e+05
7.289660000000000000e+05
7.354440000000000000e+05
7.405060000000000000e+05
7.469440000000000000e+05
7.533700000000000000e+05
7.600800000000000000e+05
7.665140000000000000e+05
7.715230000000000000e+05
7.777440000000000000e+05
7.836860000000000000e+05
7.904900000000000000e+05
7.967710000000000000e+05
8.030430000000000000e+05
8.085520000000000000e+05
8.132350000000000000e+05
8.194100000000000000e+05
8.257890000000000000e+05
8.320040000000000000e+05
8.381300000000000000e+05
8.447530000000000000e+05
8.511860000000000000e+05
8.580330000000000000e+05
8.646230000000000000e+05
8.711730000000000000e+05
8.767450000000000000e+05
8.831160000000000000e+05
8.898670000000000000e+05
8.959450000000000000e+05
9.015630000000000000e+05
9.070550000000000000e+05
9.139850000000000000e+05
9.200620000000000000e+05
9.267030000000000000e+05
9.342130000000000000e+05
9.397220000000000000e+05
9.459190000000000000e+05
9.520500000000000000e+05
9.591810000000000000e+05
9.657580000000000000e+05
9.708220000000000000e+05
9.771840000000000000e+05
9.838230000000000000e+05
9.902550000000000000e+05
9.957590000000000000e+05
1.000827000000000000e+06
1.006853000000000000e+06
1.012811000000000000e+06
1.019160000000000000e+06
1.025408000000000000e+06
1.033030000000000000e+06
1.038940000000000000e+06
1.044774000000000000e+06
1.051504000000000000e+06
1.057965000000000000e+06
1.063135000000000000e+06
1.069287000000000000e+06
1.075011000000000000e+06
1.081510000000000000e+06
1.086838000000000000e+06
1.093163000000000000e+06
1.098945000000000000e+06
1.106535000000000000e+06
1.113671000000000000e+06
1.120030000000000000e+06
1.125787000000000000e+06
1.132336000000000000e+06
1.139659000000000000e+06
1.144996000000000000e+06
1.150088000000000000e+06
1.156163000000000000e+06
1.162083000000000000e+06
1.169304000000000000e+06
1.176191000000000000e+06
1.182600000000000000e+06
1.189774000000000000e+06
1.196832000000000000e+06
1.203022000000000000e+06
1.208989000000000000e+06
1.214798000000000000e+06
1.220994000000000000e+06
1.225766000000000000e+06
1.231466000000000000e+06
1.237409000000000000e+06
1.242603000000000000e+06
1.248144000000000000e+06
1.254425000000000000e+06
1.260197000000000000e+06
1.266640000000000000e+06
1.271637000000000000e+06
1.277924000000000000e+06
1.284660000000000000e+06
1.291321000000000000e+06
1.298098000000000000e+06
1.303451000000000000e+06
1.309429000000000000e+06
1.316554000000000000e+06
1.322415000000000000e+06
1.327823000000000000e+06
1.333400000000000000e+06
1.339261000000000000e+06
1.345910000000000000e+06
1.352939000000000000e+06
1.358377000000000000e+06
1.363914000000000000e+06
1.370523000000000000e+06
1.377037000000000000e+06
1.382132000000000000e+06
1.389382000000000000e+06
1.394605000000000000e+06
1.400849000000000000e+06
1.408297000000000000e+06
1.415485000000000000e+06
1.422231000000000000e+06
1.428983000000000000e+06
1.434446000000000000e+06
1.441597000000000000e+06
1.447205000000000000e+06
1.453702000000000000e+06
1.458395000000000000e+06
1.465521000000000000e+06
1.473353000000000000e+06
1.479995000000000000e+06
1.484422000000000000e+06
1.491567000000000000e+06
1.497712000000000000e+06
1.503735000000000000e+06
1.510333000000000000e+06
1.516546000000000000e+06
1.523065000000000000e+06
1.528916000000000000e+06
1.535389000000000000e+06
1.542161000000000000e+06
1.549722000000000000e+06
1.555444000000000000e+06
1.561155000000000000e+06
1.567950000000000000e+06
1.574732000000000000e+06
1.581422000000000000e+06
1.587661000000000000e+06
1.593758000000000000e+06
1.600151000000000000e+06
1.607077000000000000e+06
1.612820000000000000e+06
1.619942000000000000e+06
1.626483000000000000e+06
1.633014000000000000e+06
1.638615000000000000e+06
1.645714000000000000e+06
1.651807000000000000e+06
1.658316000000000000e+06
1.664673000000000000e+06
1.672184000000000000e+06
1.679156000000000000e+06
1.684660000000000000e+06
1.690370000000000000e+06
1.697457000000000000e+06
1.704147000000000000e+06
1.710481000000000000e+06
1.715742000000000000e+06
1.721209000000000000e+06
1.727044000000000000e+06
1.733556000000000000e+06
1.739383000000000000e+06
1.746195000000000000e+06
1.753155000000000000e+06
1.758557000000000000e+06
1.764550000000000000e+06
1.771117000000000000e+06
1.778227000000000000e+06
1.784798000000000000e+06
1.790308000000000000e+06
1.795926000000000000e+06
1.801768000000000000e+06
1.807916000000000000e+06
1.814413000000000000e+06
1.819581000000000000e+06
1.825531000000000000e+06
1.832366000000000000e+06
1.839155000000000000e+06
1.843727000000000000e+06
1.848567000000000000e+06
1.855125000000000000e+06
1.862214000000000000e+06
1.868940000000000000e+06
1.873881000000000000e+06
1.880542000000000000e+06
1.887578000000000000e+06
1.893439000000000000e+06
1.899308000000000000e+06
1.905233000000000000e+06
1.911549000000000000e+06
1.918615000000000000e+06
1.924741000000000000e+06
1.931416000000000000e+06
1.938061000000000000e+06
1.942335000000000000e+06
1.948915000000000000e+06
1.954311000000000000e+06
1.960263000000000000e+06
1.966463000000000000e+06
1.972902000000000000e+06
1.978629000000000000e+06
1.985118000000000000e+06
1.992122000000000000e+06
1.998747000000000000e+06
2.004519000000000000e+06
2.012368000000000000e+06
2.018844000000000000e+06
2.025331000000000000e+06
2.031636000000000000e+06
2.038245000000000000e+06
2.044030000000000000e+06
2.050722000000000000e+06
2.057029000000000000e+06
2.063056000000000000e+06
2.068820000000000000e+06
2.074266000000000000e+06
2.079761000000000000e+06
2.087607000000000000e+06
2.094729000000000000e+06
2.101017000000000000e+06
2.106832000000000000e+06
2.112696000000000000e+06
2.119472000000000000e+06
2.125514000000000000e+06
2.132316000000000000e+06
2.139129000000000000e+06
2.144692000000000000e+06
2.151305000000000000e+06
2.157760000000000000e+06
2.164951000000000000e+06
2.171283000000000000e+06
2.178011000000000000e+06
2.183138000000000000e+06
2.190018000000000000e+06
2.196299000000000000e+06
2.202373000000000000e+06
2.209291000000000000e+06
2.215091000000000000e+06
2.222033000000000000e+06
2.226995000000000000e+06
2.233948000000000000e+06
2.239509000000000000e+06
2.246685000000000000e+06
2.252137000000000000e+06
2.258980000000000000e+06
2.265176000000000000e+06
2.270539000000000000e+06
2.277673000000000000e+06
2.283447000000000000e+06
2.290983000000000000e+06
2.297798000000000000e+06
2.304901000000000000e+06
2.312469000000000000e+06
2.319161000000000000e+06
2.324106000000000000e+06
2.329685000000000000e+06
2.336097000000000000e+06
2.342781000000000000e+06
2.348103000000000000e+06
2.354792000000000000e+06
2.360526000000000000e+06
2.366766000000000000e+06
2.373887000000000000e+06
2.381358000000000000e+06
2.387928000000000000e+06
2.394106000000000000e+06
2.400625000000000000e+06
2.406244000000000000e+06
2.412583000000000000e+06
2.418567000000000000e+06
2.423884000000000000e+06
2.430445000000000000e+06
2.437273000000000000e+06
2.443672000000000000e+06
2.449711000000000000e+06
2.455434000000000000e+06
2.462651000000000000e+06
2.469376000000000000e+06
2.476851000000000000e+06
2.482896000000000000e+06
2.489507000000000000e+06
