5.633906747094203915e-01
5.180219976454205622e-01
3.515195364042273951e-01
2.621431290295440641e-01
3.207158712178379556e-01
1.792719204751460627e-01
1.821704386059566083e-01
1.627044796955031403e-01
1.806869256137457747e-01
1.645814262265220540e-01
1.478199277205039242e-01
1.420409293391851069e-01
1.291453557376966987e-01
9.879372842785634490e-02
1.608589639321928999e-01
1.096154259885052523e-01
1.114030026519688826e-01
1.451857496922336066e-01
1.451857496922336066e-01
1.445042368595576832e-01
1.420872374644720493e-01
1.032697082894182272e-01
1.147455203345504188e-01
1.256428483287909126e-01
6.682575589638801994e-02
1.245206279782752334e-01
1.291603217837967166e-01
9.925476338071713422e-02
1.085549712792756305e-01
7.597413147125189892e-02
1.144062139900334646e-01
9.249310828577250732e-02
5.311458996653155989e-02
9.981612069440026769e-02
8.134447151067274173e-02
7.387133316449277787e-02
7.607109573579057260e-02
5.071617239684981376e-02
5.368599622445698050e-02
7.509057184229436799e-02
8.397740109715375045e-02
8.397740109715375045e-02
5.553498358137411856e-02
7.872408636140182381e-02
7.620876899653855618e-02
6.778017089645059501e-02
5.922880010167509701e-02
7.624631844762370936e-02
7.622322886971186207e-02
9.192554742066412488e-02
