9.696315533026707012e-01
7.942856983226888046e-01
6.060385538053714161e-01
4.940575679387452790e-01
3.487178979490775932e-01
2.638419035578589700e-01
2.315881769209631180e-01
1.760328532901722365e-01
2.453170395818881355e-01
1.984289912254274257e-01
1.761103263923895768e-01
1.540885986102955296e-01
1.333423137378864920e-01
1.338444467784783709e-01
1.821408709841838280e-01
7.973595987547867081e-02
1.937366034626298861e-01
1.396524798389735811e-01
1.886017069584049188e-01
1.607185285118457041e-01
1.013916580814636231e-01
1.398990429250163703e-01
1.270982466437485248e-01
1.019070085733584097e-01
1.372183437246086712e-01
1.789213723651153498e-01
1.052085223115033219e-01
9.899749170972704793e-02
1.298635887417278201e-01
8.358100103471610698e-02
1.395929384690799413e-01
1.318323798583018180e-01
1.144280600549578836e-01
5.659493083030536081e-02
1.606743559890329853e-01
1.166676133801401311e-01
1.023579158648170589e-01
8.759641491559877480e-02
1.169029289284541917e-01
9.259599732358081425e-02
1.007872249401054465e-01
8.228071702973017987e-02
6.796402544605081864e-02
6.767999229951672524e-02
1.014218908484363774e-01
7.540878230132587456e-02
7.436033408289470514e-02
6.512310870779490501e-02
1.016252447529610858e-01
7.522416967781861419e-02
5.477304695122872658e-02
7.244700295230589726e-02
1.312625781674029157e-01
1.409892013274088862e-01
1.157146446053382710e-01
7.104849684493336204e-02
1.686495302216787784e-01
1.764040876359093402e-01
7.639306923047094189e-02
6.554672417250045902e-02
1.314287527254668075e-01
1.061542247834035974e-01
1.089787122676825065e-01
8.154640070348775915e-02
9.107661819549418836e-02
5.512696215739239236e-02
8.238105339044539399e-02
8.861024304590614520e-02
7.352869930294937684e-02
7.842147678062655336e-02
8.641223017756782809e-02
1.051682711771391721e-01
6.661034264238804847e-02
9.399642837011194796e-02
8.497843492660683840e-02
8.252247045333734043e-02
8.960693048542348049e-02
4.660781912979718861e-02
8.475309155490451385e-02
1.248939967873638340e-01
6.493059247509143372e-02
6.551977217356762251e-02
7.367104674971332312e-02
4.150792731719711581e-02
4.728758299800885773e-02
2.710347081865548471e-02
8.305454912631893283e-02
7.090646275471935989e-02
1.005904883977102454e-01
7.001821836656256515e-02
6.976450539656425809e-02
9.911457803409889911e-02
6.224913797689560907e-02
6.221827580556165554e-02
8.563286314858732651e-02
7.940043203719528153e-02
7.414517127855492495e-02
4.220090090538602262e-02
5.831446988616328930e-02
8.522940034792957087e-02
6.364635159675145759e-02
7.620400545166619577e-02
6.578256030758633521e-02
6.615952327410042078e-02
7.927368926116369618e-02
7.466611026864640455e-02
9.067371407818021478e-02
9.375767644354918162e-02
5.534172608560847251e-02
7.386052995916746189e-02
1.030689694520037641e-01
8.166083155423668749e-02
9.692552419806182984e-02
4.724753400047894403e-02
9.093823338688393487e-02
5.610201744108689326e-02
7.042247797767178796e-02
6.648109245069387663e-02
5.805508201654466932e-02
6.402342268078863030e-02
1.036540073284901858e-01
4.807912797400459154e-02
6.492701753042445789e-02
5.460290664307408670e-02
7.345985449691967706e-02
7.772890975844473638e-02
5.409617381960023924e-02
7.156792850804873096e-02
8.412616208620611602e-02
5.594360732518392082e-02
5.340165857719622600e-02
8.987646668391548188e-02
7.204029469803452379e-02
5.497881197113683310e-02
7.243746536326646501e-02
6.641341130870127840e-02
3.522079083790895931e-02
8.047769689592802755e-02
9.786686837712033071e-02
6.288919522778764482e-02
3.689366116828869668e-02
8.228492644608577378e-02
5.558721597767579681e-02
5.260079911056254193e-02
4.341255491941503619e-02
4.901317602863978357e-02
3.796731107488037632e-02
1.053736901170488210e-01
7.406729943027046126e-02
7.233377662210085934e-02
7.038873051601865494e-02
8.432982092073335045e-02
6.511370173982308773e-02
4.567936255181884175e-02
6.052846401778061436e-02
9.308677280628781248e-02
4.987789712918124646e-02
7.098680577897800714e-02
7.563037186956117486e-02
1.030014321008393408e-01
7.111834501913855133e-02
7.066041431797896732e-02
6.000500397035572753e-02
4.754071070334612431e-02
3.776869361568153949e-02
5.445204353957305843e-02
6.603762928839601587e-02
6.437507479751600203e-02
6.081729432779630490e-02
4.074692227093940772e-02
1.113767828430556744e-01
6.067190882740488428e-02
5.057455262259260426e-02
6.331590632470131264e-02
2.729831370558081366e-02
8.353073982404783659e-02
4.152215107519042353e-02
7.279338352941999712e-02
6.474281578453114361e-02
7.462370942509549687e-02
1.182051856182197713e-01
1.314232972084008744e-01
7.805890669208837007e-02
5.740531624658230109e-02
4.172322721138747165e-02
8.762772846508179447e-02
5.359570832309358546e-02
3.944430198703699486e-02
5.871960274594708457e-02
6.935918691831649552e-02
4.474283776840011495e-02
7.382025488123633572e-02
8.786185655405906458e-02
6.207261956446760015e-02
7.893142074505421490e-02
7.468830630444138474e-02
3.604015948360212579e-02
6.573146314099267973e-02
6.550006954052831065e-02
5.724107800042695093e-02
