0.000000000000000000e+00
6.746778669152408980e-01
6.803378331762288678e-01
3.946670080556331506e-01
4.424493555599045003e-01
3.559049250088220928e-01
3.340483559831701754e-01
2.504673452284998381e-01
2.830338295263724602e-01
2.206964426750437913e-01
2.672349698110600413e-01
2.380972875123188448e-01
2.071981146234315452e-01
1.241306584121502771e-01
2.145503041846362480e-01
2.131528761623339707e-01
1.901006797287938255e-01
1.807240443247810358e-01
1.698507373339671056e-01
1.249329347946913915e-01
1.578185460669971618e-01
1.323619275825529962e-01
1.433772788780074692e-01
1.213844584163764062e-01
1.487267841227266074e-01
1.024631279288575614e-01
1.870641085162395301e-01
1.061945340115899306e-01
1.032593187703789162e-01
1.574439843051697596e-01
1.311403797794915838e-01
1.311403797794915838e-01
1.301929035795499900e-01
1.122274525731497830e-01
1.285347405644633179e-01
1.052040226799696859e-01
6.724702381743360990e-02
1.223185721829884443e-01
9.410020704354420118e-02
1.275395806284336242e-01
8.388208976043715071e-02
7.755500404093625122e-02
7.739619178347245665e-02
1.300067185883416743e-01
8.758671456927788479e-02
9.749339352502681133e-02
1.249401317626428892e-01
8.093103334182341624e-02
8.093103334182341624e-02
9.475561149064268274e-02
8.210182390513660888e-02
1.003229009406390454e-01
7.860551240581091503e-02
7.105227446954814896e-02
7.895651222697668004e-02
6.683345170638901878e-02
6.683345170638901878e-02
1.374538345261923367e-01
1.224542867509185728e-01
9.659443292827182836e-02
6.873946583136954225e-02
8.688943118887071382e-02
1.151090684215183568e-01
7.614314113385868554e-02
6.704010111853002385e-02
6.905902912237882330e-02
1.284356989412854255e-01
8.763698350492168943e-02
1.021944506915236778e-01
9.511173502437683669e-02
7.981784452971829591e-02
8.133580934910371318e-02
7.513496727681454046e-02
5.600991159363914729e-02
9.221959368054059858e-02
7.932972598920569329e-02
7.932972598920569329e-02
7.362408273736419095e-02
9.378859198446870549e-02
8.103880089156177691e-02
7.072082619933608982e-02
6.174616711323366314e-02
5.806370193707536403e-02
4.554455879905463384e-02
7.257712025401534539e-02
1.049055202821364691e-01
6.299173845351181689e-02
4.066816413326250490e-02
8.356793515816592077e-02
6.446036556974373000e-02
6.775556849270115978e-02
8.701230998276086870e-02
8.429549052968665634e-02
6.761519730906280501e-02
6.043586593118455141e-02
6.043586593118455141e-02
5.373056710756681648e-02
1.013119239125017668e-01
6.723685976260196373e-02
5.915678389218011202e-02
6.982622412201372475e-02
5.178999534927322679e-02
6.153519660356299159e-02
7.073819645160979441e-02
6.827229205493146047e-02
9.721466585183406728e-02
8.305621538607860233e-02
6.073755402484337651e-02
9.774969639467789850e-02
7.937880849956829854e-02
8.203348852194661256e-02
7.821882833116727829e-02
6.383420182008635313e-02
8.043388582508965989e-02
4.927253476343077671e-02
5.536119146838701377e-02
6.975301504968715871e-02
7.216406903800103023e-02
5.594432954295391891e-02
7.970309910290833411e-02
5.752989483780152763e-02
6.796038693145332876e-02
5.762507249708301998e-02
5.390780811692860719e-02
5.712904159380746000e-02
6.866752121061664438e-02
6.341718807700315319e-02
5.955701017652405976e-02
6.749131813343485498e-02
6.530131832745394993e-02
6.530131832745394993e-02
6.962627090461948054e-02
6.864061233429538667e-02
2.931074623156243453e-02
2.931074623156243453e-02
1.555355925427383788e-02
6.985112662780998405e-02
5.217976053292939370e-02
6.366968688943125398e-02
4.984201498441474809e-02
5.440419983579256047e-02
4.966256466380595397e-02
5.360197445815675921e-02
5.611955881521176609e-02
7.236092056541840178e-02
4.303737403260047417e-02
5.395688422486367986e-02
3.210388002957993703e-02
5.069959556342170520e-02
6.396437340111332803e-02
5.520622690529350396e-02
4.858322513462150216e-02
6.640112762693378690e-02
3.433819527977199915e-02
4.889130840992562260e-02
5.670076905119909166e-02
5.965205061216868193e-02
7.109738558017444920e-02
7.696968295577642782e-02
4.652012027980687026e-02
4.540105051123135421e-02
5.972114449603414810e-02
4.467909179047938051e-02
5.349168749442499010e-02
6.072097853490045910e-02
4.877437909207862216e-02
5.905266479786201728e-02
6.901072296106913750e-02
6.252602538449829328e-02
4.969072106199737271e-02
5.163235401490316040e-02
3.600002858068371975e-02
4.947565204433172076e-02
5.280630897870838836e-02
5.652804147717280930e-02
4.931354981342313953e-02
5.338168197222944306e-02
5.323555449918415672e-02
4.962821619300452486e-02
4.962821619300452486e-02
5.355415176757025164e-02
6.367784161658639197e-02
2.968337433194227423e-02
5.246926707716033367e-02
6.903459151607255206e-02
5.881123220513204825e-02
6.798964015199121524e-02
5.260513678415865146e-02
5.063206633848717914e-02
4.492482035768177728e-02
4.492482035768177728e-02
3.451996497831801708e-02
5.904719063851310984e-02
4.567541343085380207e-02
5.391692790015928383e-02
4.603299781084244091e-02
4.883211119690789026e-02
5.998844727392886600e-02
8.098657528030284158e-02
5.461362220730335559e-02
