1.308000000000000000e+03
1.679000000000000000e+03
3.045000000000000000e+03
3.602000000000000000e+03
6.280000000000000000e+03
7.568000000000000000e+03
8.590000000000000000e+03
8.590000000000000000e+03
9.018000000000000000e+03
9.841000000000000000e+03
1.178200000000000000e+04
1.347000000000000000e+04
1.347000000000000000e+04
1.347000000000000000e+04
1.482600000000000000e+04
1.708400000000000000e+04
1.799300000000000000e+04
1.949600000000000000e+04
2.031200000000000000e+04
2.127600000000000000e+04
2.170000000000000000e+04
2.261200000000000000e+04
2.339100000000000000e+04
2.392400000000000000e+04
2.550600000000000000e+04
2.712500000000000000e+04
2.812300000000000000e+04
2.982600000000000000e+04
3.181200000000000000e+04
3.285400000000000000e+04
3.368700000000000000e+04
3.473900000000000000e+04
3.616000000000000000e+04
3.789000000000000000e+04
3.821700000000000000e+04
3.903300000000000000e+04
4.122900000000000000e+04
4.198100000000000000e+04
4.463600000000000000e+04
4.706500000000000000e+04
4.876800000000000000e+04
4.919600000000000000e+04
5.087200000000000000e+04
5.283600000000000000e+04
5.484900000000000000e+04
5.672300000000000000e+04
5.715100000000000000e+04
5.851700000000000000e+04
6.111800000000000000e+04
6.174200000000000000e+04
6.358500000000000000e+04
6.358500000000000000e+04
6.563400000000000000e+04
6.609800000000000000e+04
6.738600000000000000e+04
6.802400000000000000e+04
7.068100000000000000e+04
7.287400000000000000e+04
7.309200000000000000e+04
7.448000000000000000e+04
7.560200000000000000e+04
7.839100000000000000e+04
7.970700000000000000e+04
7.997400000000000000e+04
8.294200000000000000e+04
8.424800000000000000e+04
8.488600000000000000e+04
8.690600000000000000e+04
8.799100000000000000e+04
8.965500000000000000e+04
9.139000000000000000e+04
9.181800000000000000e+04
9.336500000000000000e+04
9.582800000000000000e+04
9.789900000000000000e+04
1.005800000000000000e+05
1.022570000000000000e+05
1.041000000000000000e+05
1.043670000000000000e+05
1.059690000000000000e+05
1.068600000000000000e+05
1.088500000000000000e+05
1.097300000000000000e+05
1.103280000000000000e+05
1.110830000000000000e+05
1.134930000000000000e+05
1.140050000000000000e+05
1.157370000000000000e+05
1.173370000000000000e+05
1.200410000000000000e+05
1.225990000000000000e+05
1.238090000000000000e+05
1.246790000000000000e+05
1.266310000000000000e+05
1.283010000000000000e+05
1.305980000000000000e+05
1.323800000000000000e+05
1.339750000000000000e+05
1.360360000000000000e+05
1.369130000000000000e+05
1.375470000000000000e+05
1.392470000000000000e+05
1.402450000000000000e+05
1.413860000000000000e+05
1.427700000000000000e+05
1.440980000000000000e+05
1.456640000000000000e+05
1.460880000000000000e+05
1.470520000000000000e+05
1.506820000000000000e+05
1.524910000000000000e+05
1.535760000000000000e+05
1.545710000000000000e+05
1.566430000000000000e+05
1.589970000000000000e+05
1.614780000000000000e+05
1.643230000000000000e+05
1.659550000000000000e+05
1.663790000000000000e+05
1.677900000000000000e+05
1.688500000000000000e+05
1.717110000000000000e+05
1.720190000000000000e+05
1.744130000000000000e+05
1.759750000000000000e+05
1.768270000000000000e+05
1.784610000000000000e+05
1.795230000000000000e+05
1.804830000000000000e+05
1.827530000000000000e+05
1.861190000000000000e+05
1.879110000000000000e+05
1.888800000000000000e+05
1.910190000000000000e+05
1.910190000000000000e+05
1.925410000000000000e+05
1.931390000000000000e+05
1.936720000000000000e+05
1.944880000000000000e+05
1.959350000000000000e+05
1.988990000000000000e+05
2.002210000000000000e+05
2.005920000000000000e+05
2.018830000000000000e+05
2.026600000000000000e+05
2.035160000000000000e+05
2.057870000000000000e+05
2.077860000000000000e+05
2.101210000000000000e+05
2.119150000000000000e+05
2.130680000000000000e+05
2.153450000000000000e+05
2.182730000000000000e+05
2.190250000000000000e+05
2.204410000000000000e+05
2.217040000000000000e+05
2.238970000000000000e+05
2.244300000000000000e+05
2.253550000000000000e+05
2.258610000000000000e+05
2.271180000000000000e+05
2.287760000000000000e+05
2.311520000000000000e+05
2.330680000000000000e+05
2.330680000000000000e+05
2.348360000000000000e+05
2.357240000000000000e+05
2.369600000000000000e+05
2.377930000000000000e+05
2.404510000000000000e+05
2.418880000000000000e+05
2.444180000000000000e+05
2.472270000000000000e+05
2.479970000000000000e+05
2.517540000000000000e+05
2.527570000000000000e+05
2.546490000000000000e+05
2.562330000000000000e+05
2.564510000000000000e+05
2.577290000000000000e+05
2.581000000000000000e+05
2.593880000000000000e+05
2.605970000000000000e+05
2.611950000000000000e+05
2.635250000000000000e+05
2.662420000000000000e+05
2.676170000000000000e+05
2.685420000000000000e+05
2.695400000000000000e+05
2.706760000000000000e+05
2.724540000000000000e+05
2.747100000000000000e+05
2.765600000000000000e+05
2.776120000000000000e+05
2.780400000000000000e+05
2.796280000000000000e+05
2.798460000000000000e+05
2.803520000000000000e+05
2.807280000000000000e+05
2.820800000000000000e+05
2.832110000000000000e+05
2.846490000000000000e+05
2.863610000000000000e+05
2.880520000000000000e+05
2.901520000000000000e+05
2.927040000000000000e+05
2.946380000000000000e+05
2.959180000000000000e+05
2.992530000000000000e+05
3.004350000000000000e+05
3.020200000000000000e+05
3.043740000000000000e+05
3.055150000000000000e+05
3.061490000000000000e+05
3.076420000000000000e+05
3.089300000000000000e+05
3.103040000000000000e+05
3.113490000000000000e+05
3.116570000000000000e+05
3.126760000000000000e+05
3.150550000000000000e+05
3.165520000000000000e+05
3.185100000000000000e+05
3.204120000000000000e+05
3.217210000000000000e+05
3.225250000000000000e+05
3.252850000000000000e+05
3.260600000000000000e+05
3.276540000000000000e+05
3.289990000000000000e+05
3.302270000000000000e+05
3.310600000000000000e+05
3.333980000000000000e+05
3.358000000000000000e+05
3.358000000000000000e+05
3.375040000000000000e+05
3.381020000000000000e+05
3.381020000000000000e+05
3.407960000000000000e+05
3.418440000000000000e+05
3.435880000000000000e+05
3.455660000000000000e+05
3.455660000000000000e+05
3.473440000000000000e+05
3.480960000000000000e+05
3.492000000000000000e+05
3.503040000000000000e+05
3.518500000000000000e+05
3.545510000000000000e+05
3.563570000000000000e+05
3.579150000000000000e+05
3.595010000000000000e+05
3.603010000000000000e+05
3.607250000000000000e+05
3.617230000000000000e+05
3.633500000000000000e+05
3.651960000000000000e+05
3.677640000000000000e+05
3.709540000000000000e+05
3.720820000000000000e+05
3.725100000000000000e+05
3.747770000000000000e+05
3.774560000000000000e+05
3.792590000000000000e+05
3.801290000000000000e+05
3.812290000000000000e+05
3.825110000000000000e+05
3.844850000000000000e+05
3.853970000000000000e+05
3.863470000000000000e+05
3.880710000000000000e+05
3.890400000000000000e+05
3.910930000000000000e+05
3.910930000000000000e+05
3.920620000000000000e+05
3.929960000000000000e+05
3.943280000000000000e+05
3.968750000000000000e+05
3.972460000000000000e+05
4.002990000000000000e+05
4.008320000000000000e+05
4.019470000000000000e+05
4.040110000000000000e+05
4.052770000000000000e+05
4.062760000000000000e+05
4.085570000000000000e+05
4.103340000000000000e+05
4.126440000000000000e+05
4.126440000000000000e+05
4.134770000000000000e+05
4.143650000000000000e+05
4.149890000000000000e+05
4.164100000000000000e+05
4.192440000000000000e+05
4.196680000000000000e+05
4.210530000000000000e+05
4.232330000000000000e+05
4.249890000000000000e+05
4.256610000000000000e+05
4.273650000000000000e+05
4.282950000000000000e+05
4.288280000000000000e+05
4.301280000000000000e+05
4.317950000000000000e+05
4.333240000000000000e+05
4.346060000000000000e+05
4.366190000000000000e+05
4.387930000000000000e+05
4.395510000000000000e+05
4.402120000000000000e+05
4.412100000000000000e+05
4.432200000000000000e+05
4.432200000000000000e+05
4.453600000000000000e+05
4.492330000000000000e+05
4.514500000000000000e+05
4.524100000000000000e+05
4.540630000000000000e+05
4.556210000000000000e+05
4.571040000000000000e+05
4.593610000000000000e+05
4.596690000000000000e+05
4.614100000000000000e+05
4.633890000000000000e+05
4.657200000000000000e+05
4.673300000000000000e+05
4.689060000000000000e+05
4.705180000000000000e+05
4.725760000000000000e+05
4.741900000000000000e+05
4.747160000000000000e+05
4.769610000000000000e+05
4.782850000000000000e+05
4.812200000000000000e+05
4.817530000000000000e+05
4.832200000000000000e+05
4.851140000000000000e+05
4.875520000000000000e+05
4.894240000000000000e+05
4.919500000000000000e+05
4.947070000000000000e+05
4.957740000000000000e+05
4.976980000000000000e+05
4.976980000000000000e+05
4.996500000000000000e+05
5.011080000000000000e+05
5.020680000000000000e+05
5.020680000000000000e+05
5.037420000000000000e+05
5.041180000000000000e+05
5.058020000000000000e+05
5.069800000000000000e+05
5.089020000000000000e+05
5.113840000000000000e+05
5.120980000000000000e+05
5.136540000000000000e+05
5.162020000000000000e+05
5.180140000000000000e+05
5.194180000000000000e+05
5.215540000000000000e+05
5.219250000000000000e+05
5.226950000000000000e+05
5.232030000000000000e+05
5.250190000000000000e+05
5.269720000000000000e+05
5.281020000000000000e+05
5.306960000000000000e+05
5.310720000000000000e+05
5.323660000000000000e+05
5.350000000000000000e+05
5.365460000000000000e+05
5.367920000000000000e+05
5.394520000000000000e+05
5.407370000000000000e+05
5.421380000000000000e+05
5.428900000000000000e+05
5.432170000000000000e+05
5.447100000000000000e+05
5.460160000000000000e+05
5.467140000000000000e+05
5.481820000000000000e+05
5.508870000000000000e+05
5.518380000000000000e+05
5.542850000000000000e+05
5.557250000000000000e+05
5.561530000000000000e+05
5.577950000000000000e+05
5.581220000000000000e+05
5.595890000000000000e+05
5.611770000000000000e+05
5.642680000000000000e+05
5.648410000000000000e+05
5.655440000000000000e+05
5.665180000000000000e+05
5.670240000000000000e+05
5.679130000000000000e+05
5.695990000000000000e+05
5.709390000000000000e+05
5.715560000000000000e+05
5.734280000000000000e+05
