9.880000000000000000e+02
3.136000000000000000e+03
5.066000000000000000e+03
6.571000000000000000e+03
9.723000000000000000e+03
1.024900000000000000e+04
1.217900000000000000e+04
1.594800000000000000e+04
1.749700000000000000e+04
1.973500000000000000e+04
2.244400000000000000e+04
2.594900000000000000e+04
2.934500000000000000e+04
3.240700000000000000e+04
3.540600000000000000e+04
3.869500000000000000e+04
4.099600000000000000e+04
4.471900000000000000e+04
4.697500000000000000e+04
5.034500000000000000e+04
5.094300000000000000e+04
5.320700000000000000e+04
5.465600000000000000e+04
5.783600000000000000e+04
6.108000000000000000e+04
6.345300000000000000e+04
6.638900000000000000e+04
6.765800000000000000e+04
7.042000000000000000e+04
7.333600000000000000e+04
7.572800000000000000e+04
7.888100000000000000e+04
8.232300000000000000e+04
8.529500000000000000e+04
8.744200000000000000e+04
8.835800000000000000e+04
9.184600000000000000e+04
9.570500000000000000e+04
9.956300000000000000e+04
1.020170000000000000e+05
1.035760000000000000e+05
1.051250000000000000e+05
1.093280000000000000e+05
1.123090000000000000e+05
1.137400000000000000e+05
1.164850000000000000e+05
1.194380000000000000e+05
1.217220000000000000e+05
1.242680000000000000e+05
1.268590000000000000e+05
1.298580000000000000e+05
1.332010000000000000e+05
1.352210000000000000e+05
1.384630000000000000e+05
1.410450000000000000e+05
1.426040000000000000e+05
1.458020000000000000e+05
1.484740000000000000e+05
1.497250000000000000e+05
1.533580000000000000e+05
1.578510000000000000e+05
1.619270000000000000e+05
1.657410000000000000e+05
1.684320000000000000e+05
1.718750000000000000e+05
1.740590000000000000e+05
1.775470000000000000e+05
1.801750000000000000e+05
1.842510000000000000e+05
1.865790000000000000e+05
1.899310000000000000e+05
1.933740000000000000e+05
1.948880000000000000e+05
1.984570000000000000e+05
2.008400000000000000e+05
2.044090000000000000e+05
2.065480000000000000e+05
2.093560000000000000e+05
2.130420000000000000e+05
2.179790000000000000e+05
2.218920000000000000e+05
2.249980000000000000e+05
2.276350000000000000e+05
2.316480000000000000e+05
2.357430000000000000e+05
2.397560000000000000e+05
2.417320000000000000e+05
2.449120000000000000e+05
2.479930000000000000e+05
2.530230000000000000e+05
2.564300000000000000e+05
2.609960000000000000e+05
2.648480000000000000e+05
2.682930000000000000e+05
2.727850000000000000e+05
2.773960000000000000e+05
2.815180000000000000e+05
2.862030000000000000e+05
2.902240000000000000e+05
2.940960000000000000e+05
2.980290000000000000e+05
3.037050000000000000e+05
3.090280000000000000e+05
3.144600000000000000e+05
3.188730000000000000e+05
3.218230000000000000e+05
3.260090000000000000e+05
3.320110000000000000e+05
3.379350000000000000e+05
3.427120000000000000e+05
3.485310000000000000e+05
3.534670000000000000e+05
3.581560000000000000e+05
3.640130000000000000e+05
3.682330000000000000e+05
3.727700000000000000e+05
3.779150000000000000e+05
3.818750000000000000e+05
3.870780000000000000e+05
3.942900000000000000e+05
3.987750000000000000e+05
4.036330000000000000e+05
4.089200000000000000e+05
4.150670000000000000e+05
4.203690000000000000e+05
4.237720000000000000e+05
4.294110000000000000e+05
4.330880000000000000e+05
4.382950000000000000e+05
4.435950000000000000e+05
4.473000000000000000e+05
4.509230000000000000e+05
4.568900000000000000e+05
4.622460000000000000e+05
4.667200000000000000e+05
4.727740000000000000e+05
4.798320000000000000e+05
4.852710000000000000e+05
4.919660000000000000e+05
4.980230000000000000e+05
5.030610000000000000e+05
5.087770000000000000e+05
5.132040000000000000e+05
5.171100000000000000e+05
5.209940000000000000e+05
5.243430000000000000e+05
5.294350000000000000e+05
5.340820000000000000e+05
5.379230000000000000e+05
5.437380000000000000e+05
5.486570000000000000e+05
5.548170000000000000e+05
5.596260000000000000e+05
5.640170000000000000e+05
5.688670000000000000e+05
5.747850000000000000e+05
5.792480000000000000e+05
5.842860000000000000e+05
5.892580000000000000e+05
5.956030000000000000e+05
6.007150000000000000e+05
6.034080000000000000e+05
6.082590000000000000e+05
6.139180000000000000e+05
6.187680000000000000e+05
6.251410000000000000e+05
6.288670000000000000e+05
6.363140000000000000e+05
6.426560000000000000e+05
6.484630000000000000e+05
6.535470000000000000e+05
6.584030000000000000e+05
6.624360000000000000e+05
6.684250000000000000e+05
6.731670000000000000e+05
6.782860000000000000e+05
6.833100000000000000e+05
6.878010000000000000e+05
6.920660000000000000e+05
6.950100000000000000e+05
7.000390000000000000e+05
7.051970000000000000e+05
7.102840000000000000e+05
7.162100000000000000e+05
7.205940000000000000e+05
7.264750000000000000e+05
7.327640000000000000e+05
7.376710000000000000e+05
7.433900000000000000e+05
7.487150000000000000e+05
7.551140000000000000e+05
7.578030000000000000e+05
7.629730000000000000e+05
7.694570000000000000e+05
7.744910000000000000e+05
7.795130000000000000e+05
7.849250000000000000e+05
7.905410000000000000e+05
7.961320000000000000e+05
8.019060000000000000e+05
8.067290000000000000e+05
8.124870000000000000e+05
8.177270000000000000e+05
8.230960000000000000e+05
8.292640000000000000e+05
8.333890000000000000e+05
8.385080000000000000e+05
8.438060000000000000e+05
8.478660000000000000e+05
8.530750000000000000e+05
8.580910000000000000e+05
8.631380000000000000e+05
8.677570000000000000e+05
8.731080000000000000e+05
8.791230000000000000e+05
8.846290000000000000e+05
8.900000000000000000e+05
8.942690000000000000e+05
9.006440000000000000e+05
9.057740000000000000e+05
9.109660000000000000e+05
9.175810000000000000e+05
9.238620000000000000e+05
9.288220000000000000e+05
9.342010000000000000e+05
9.402820000000000000e+05
9.446590000000000000e+05
9.506050000000000000e+05
9.544340000000000000e+05
9.599070000000000000e+05
9.642840000000000000e+05
9.696540000000000000e+05
9.745890000000000000e+05
9.794350000000000000e+05
9.859110000000000000e+05
9.932050000000000000e+05
9.985880000000000000e+05
1.004393000000000000e+06
1.011122000000000000e+06
1.016402000000000000e+06
1.020162000000000000e+06
1.024983000000000000e+06
1.032321000000000000e+06
1.037554000000000000e+06
1.043464000000000000e+06
1.047946000000000000e+06
1.052940000000000000e+06
1.059460000000000000e+06
1.063877000000000000e+06
1.068990000000000000e+06
1.074732000000000000e+06
1.081249000000000000e+06
1.086361000000000000e+06
1.092465000000000000e+06
1.096519000000000000e+06
1.102414000000000000e+06
1.107207000000000000e+06
1.112634000000000000e+06
1.116813000000000000e+06
1.121702000000000000e+06
1.127007000000000000e+06
1.131090000000000000e+06
1.135974000000000000e+06
1.142090000000000000e+06
1.147051000000000000e+06
1.149753000000000000e+06
1.156524000000000000e+06
1.161965000000000000e+06
1.169253000000000000e+06
1.174215000000000000e+06
1.180022000000000000e+06
1.187070000000000000e+06
1.193539000000000000e+06
1.200286000000000000e+06
1.205748000000000000e+06
1.212736000000000000e+06
1.217371000000000000e+06
1.220833000000000000e+06
1.227019000000000000e+06
1.233322000000000000e+06
1.239883000000000000e+06
1.246881000000000000e+06
1.251533000000000000e+06
1.258586000000000000e+06
1.264011000000000000e+06
1.268949000000000000e+06
1.274105000000000000e+06
1.280762000000000000e+06
1.286605000000000000e+06
1.292394000000000000e+06
1.299584000000000000e+06
1.305255000000000000e+06
1.311417000000000000e+06
1.318155000000000000e+06
1.323971000000000000e+06
1.330111000000000000e+06
1.336096000000000000e+06
1.340657000000000000e+06
1.346188000000000000e+06
1.352415000000000000e+06
1.357202000000000000e+06
1.363585000000000000e+06
1.369421000000000000e+06
1.374166000000000000e+06
1.379655000000000000e+06
1.385302000000000000e+06
1.392307000000000000e+06
1.398702000000000000e+06
1.403086000000000000e+06
1.408499000000000000e+06
1.414747000000000000e+06
1.421326000000000000e+06
1.427029000000000000e+06
1.433910000000000000e+06
1.440427000000000000e+06
1.446322000000000000e+06
1.451206000000000000e+06
1.456507000000000000e+06
1.462747000000000000e+06
1.469672000000000000e+06
1.474154000000000000e+06
1.478855000000000000e+06
1.485577000000000000e+06
1.491091000000000000e+06
1.496648000000000000e+06
1.500156000000000000e+06
1.504513000000000000e+06
1.510592000000000000e+06
1.515567000000000000e+06
1.523162000000000000e+06
1.529394000000000000e+06
1.535573000000000000e+06
1.542049000000000000e+06
1.547913000000000000e+06
1.554038000000000000e+06
1.560657000000000000e+06
1.566636000000000000e+06
1.571044000000000000e+06
1.576118000000000000e+06
1.581822000000000000e+06
1.587900000000000000e+06
1.593591000000000000e+06
1.599265000000000000e+06
1.605205000000000000e+06
1.611847000000000000e+06
1.617113000000000000e+06
1.620984000000000000e+06
1.627256000000000000e+06
1.631704000000000000e+06
1.636850000000000000e+06
1.641927000000000000e+06
1.647426000000000000e+06
1.653686000000000000e+06
1.659957000000000000e+06
1.665377000000000000e+06
1.672118000000000000e+06
1.677764000000000000e+06
1.683499000000000000e+06
1.687341000000000000e+06
1.694425000000000000e+06
1.700282000000000000e+06
1.706399000000000000e+06
1.713524000000000000e+06
1.718665000000000000e+06
1.723777000000000000e+06
1.729943000000000000e+06
1.735043000000000000e+06
1.740657000000000000e+06
1.746571000000000000e+06
1.752291000000000000e+06
1.758672000000000000e+06
1.765003000000000000e+06
1.770909000000000000e+06
1.775630000000000000e+06
1.779766000000000000e+06
1.786390000000000000e+06
1.792154000000000000e+06
1.796911000000000000e+06
1.801486000000000000e+06
1.807524000000000000e+06
1.813052000000000000e+06
1.818262000000000000e+06
1.824070000000000000e+06
1.830485000000000000e+06
1.835388000000000000e+06
1.841277000000000000e+06
1.847147000000000000e+06
1.851517000000000000e+06
1.856656000000000000e+06
1.862582000000000000e+06
1.868549000000000000e+06
1.873180000000000000e+06
1.878798000000000000e+06
1.884638000000000000e+06
1.889363000000000000e+06
1.895723000000000000e+06
1.900197000000000000e+06
1.906465000000000000e+06
1.911319000000000000e+06
1.917326000000000000e+06
