8.150000000000000000e+01
8.706999969482421875e+01
9.190000152587890625e+01
9.373999786376953125e+01
9.483000183105468750e+01
9.513999938964843750e+01
9.554000091552734375e+01
9.594000244140625000e+01
9.608999633789062500e+01
9.650000000000000000e+01
9.651999664306640625e+01
9.675000000000000000e+01
9.694000244140625000e+01
9.687999725341796875e+01
9.712999725341796875e+01
9.719000244140625000e+01
9.725000000000000000e+01
9.744999694824218750e+01
9.740000152587890625e+01
9.747000122070312500e+01
9.758000183105468750e+01
9.759999847412109375e+01
9.769000244140625000e+01
9.765000152587890625e+01
9.773999786376953125e+01
9.783999633789062500e+01
9.777999877929687500e+01
9.776999664306640625e+01
9.783000183105468750e+01
9.791999816894531250e+01
9.784999847412109375e+01
9.800000000000000000e+01
9.800000000000000000e+01
9.805000305175781250e+01
9.806999969482421875e+01
9.809999847412109375e+01
9.797000122070312500e+01
9.815000152587890625e+01
9.813999938964843750e+01
9.812999725341796875e+01
9.805999755859375000e+01
9.811000061035156250e+01
9.818000030517578125e+01
9.816000366210937500e+01
9.823999786376953125e+01
9.825000000000000000e+01
9.823999786376953125e+01
9.833999633789062500e+01
9.829000091552734375e+01
9.822000122070312500e+01
9.816000366210937500e+01
9.825000000000000000e+01
9.823999786376953125e+01
9.833000183105468750e+01
9.830000305175781250e+01
9.829000091552734375e+01
9.823999786376953125e+01
9.830999755859375000e+01
9.819000244140625000e+01
9.826000213623046875e+01
9.825000000000000000e+01
9.829000091552734375e+01
9.826000213623046875e+01
9.831999969482421875e+01
9.837999725341796875e+01
9.826999664306640625e+01
9.827999877929687500e+01
9.838999938964843750e+01
9.836000061035156250e+01
9.826000213623046875e+01
9.840000152587890625e+01
9.841999816894531250e+01
9.844000244140625000e+01
9.845999908447265625e+01
9.841999816894531250e+01
9.831999969482421875e+01
9.837000274658203125e+01
9.843000030517578125e+01
9.848999786376953125e+01
9.845999908447265625e+01
9.851999664306640625e+01
9.844999694824218750e+01
9.847000122070312500e+01
9.837000274658203125e+01
9.844999694824218750e+01
9.855000305175781250e+01
9.855000305175781250e+01
9.854000091552734375e+01
9.838999938964843750e+01
9.843000030517578125e+01
9.855999755859375000e+01
9.848999786376953125e+01
9.848000335693359375e+01
9.847000122070312500e+01
9.848999786376953125e+01
9.855000305175781250e+01
9.854000091552734375e+01
9.844000244140625000e+01
9.850000000000000000e+01
9.854000091552734375e+01
