7.975000000000000000e+01
8.838999938964843750e+01
9.237999725341796875e+01
9.356999969482421875e+01
9.466000366210937500e+01
9.455999755859375000e+01
9.508000183105468750e+01
9.508000183105468750e+01
9.490000152587890625e+01
9.509999847412109375e+01
9.605999755859375000e+01
9.651999664306640625e+01
9.651999664306640625e+01
9.651999664306640625e+01
9.655999755859375000e+01
9.684999847412109375e+01
9.655999755859375000e+01
9.687999725341796875e+01
9.706999969482421875e+01
9.723999786376953125e+01
9.677999877929687500e+01
9.712000274658203125e+01
9.702999877929687500e+01
9.662999725341796875e+01
9.733999633789062500e+01
9.741000366210937500e+01
9.719999694824218750e+01
9.755000305175781250e+01
9.745999908447265625e+01
9.762999725341796875e+01
9.737000274658203125e+01
9.762999725341796875e+01
9.776000213623046875e+01
9.768000030517578125e+01
9.762999725341796875e+01
9.775000000000000000e+01
9.786000061035156250e+01
9.777999877929687500e+01
9.781999969482421875e+01
9.786000061035156250e+01
9.773000335693359375e+01
9.786000061035156250e+01
9.783999633789062500e+01
9.773999786376953125e+01
9.776000213623046875e+01
9.794000244140625000e+01
9.801000213623046875e+01
9.806999969482421875e+01
9.816000366210937500e+01
9.783000183105468750e+01
9.813999938964843750e+01
9.822000122070312500e+01
9.818000030517578125e+01
9.816999816894531250e+01
9.800000000000000000e+01
9.820999908447265625e+01
9.822000122070312500e+01
9.830999755859375000e+01
9.822000122070312500e+01
9.816999816894531250e+01
9.819000244140625000e+01
9.833999633789062500e+01
9.829000091552734375e+01
9.812999725341796875e+01
9.837999725341796875e+01
9.805000305175781250e+01
9.819000244140625000e+01
9.831999969482421875e+01
9.822000122070312500e+01
9.812999725341796875e+01
9.837000274658203125e+01
9.818000030517578125e+01
9.844999694824218750e+01
9.856999969482421875e+01
9.845999908447265625e+01
9.848999786376953125e+01
9.845999908447265625e+01
9.851000213623046875e+01
9.834999847412109375e+01
9.841000366210937500e+01
9.833000183105468750e+01
9.855000305175781250e+01
9.863999938964843750e+01
9.825000000000000000e+01
9.845999908447265625e+01
9.855000305175781250e+01
9.833999633789062500e+01
9.844999694824218750e+01
9.854000091552734375e+01
9.851000213623046875e+01
9.858000183105468750e+01
9.851000213623046875e+01
9.858000183105468750e+01
9.848999786376953125e+01
9.848999786376953125e+01
9.851000213623046875e+01
9.848999786376953125e+01
9.844999694824218750e+01
9.845999908447265625e+01
9.851999664306640625e+01
9.852999877929687500e+01
9.855000305175781250e+01
9.840000152587890625e+01
9.850000000000000000e+01
9.858999633789062500e+01
9.851000213623046875e+01
9.851999664306640625e+01
9.831999969482421875e+01
9.816000366210937500e+01
9.855000305175781250e+01
9.858000183105468750e+01
9.837999725341796875e+01
9.858000183105468750e+01
9.858000183105468750e+01
9.852999877929687500e+01
9.855000305175781250e+01
9.866000366210937500e+01
9.855999755859375000e+01
9.837999725341796875e+01
9.844000244140625000e+01
9.844000244140625000e+01
9.822000122070312500e+01
9.848999786376953125e+01
9.858000183105468750e+01
9.848999786376953125e+01
9.848999786376953125e+01
9.843000030517578125e+01
9.851999664306640625e+01
9.848000335693359375e+01
9.852999877929687500e+01
9.862999725341796875e+01
9.862999725341796875e+01
9.862999725341796875e+01
9.827999877929687500e+01
9.827999877929687500e+01
9.845999908447265625e+01
9.854000091552734375e+01
9.818000030517578125e+01
9.841999816894531250e+01
9.841999816894531250e+01
9.843000030517578125e+01
9.834999847412109375e+01
9.855000305175781250e+01
9.843000030517578125e+01
9.840000152587890625e+01
9.851999664306640625e+01
9.855999755859375000e+01
9.847000122070312500e+01
9.869999694824218750e+01
9.859999847412109375e+01
9.856999969482421875e+01
9.858999633789062500e+01
9.851000213623046875e+01
9.858999633789062500e+01
9.856999969482421875e+01
9.863999938964843750e+01
9.869000244140625000e+01
9.862999725341796875e+01
9.859999847412109375e+01
9.837999725341796875e+01
9.847000122070312500e+01
9.866999816894531250e+01
9.851000213623046875e+01
9.859999847412109375e+01
9.862999725341796875e+01
9.868000030517578125e+01
9.868000030517578125e+01
9.866000366210937500e+01
9.866000366210937500e+01
9.848000335693359375e+01
9.872000122070312500e+01
9.866000366210937500e+01
9.865000152587890625e+01
9.863999938964843750e+01
9.863999938964843750e+01
9.862999725341796875e+01
9.855000305175781250e+01
9.830000305175781250e+01
9.865000152587890625e+01
9.865000152587890625e+01
9.873000335693359375e+01
9.873000335693359375e+01
9.869999694824218750e+01
9.847000122070312500e+01
9.854000091552734375e+01
9.862000274658203125e+01
9.861000061035156250e+01
9.855999755859375000e+01
9.858000183105468750e+01
9.869999694824218750e+01
9.866999816894531250e+01
9.863999938964843750e+01
9.869000244140625000e+01
9.876000213623046875e+01
9.866000366210937500e+01
9.865000152587890625e+01
9.866000366210937500e+01
9.869000244140625000e+01
9.852999877929687500e+01
9.856999969482421875e+01
