8.511000061035156250e+01
8.988999938964843750e+01
9.333000183105468750e+01
9.466999816894531250e+01
9.537999725341796875e+01
9.580000305175781250e+01
9.650000000000000000e+01
9.644999694824218750e+01
9.658999633789062500e+01
9.676000213623046875e+01
9.691999816894531250e+01
9.704000091552734375e+01
9.712999725341796875e+01
9.656999969482421875e+01
9.722000122070312500e+01
9.734999847412109375e+01
9.766000366210937500e+01
9.762000274658203125e+01
9.758000183105468750e+01
9.762000274658203125e+01
9.766000366210937500e+01
9.773999786376953125e+01
9.766999816894531250e+01
9.780999755859375000e+01
9.783999633789062500e+01
9.787000274658203125e+01
9.786000061035156250e+01
9.804000091552734375e+01
9.795999908447265625e+01
9.790000152587890625e+01
9.793000030517578125e+01
9.809999847412109375e+01
9.801000213623046875e+01
9.812000274658203125e+01
9.822000122070312500e+01
9.820999908447265625e+01
9.833999633789062500e+01
9.812000274658203125e+01
9.818000030517578125e+01
9.819999694824218750e+01
9.820999908447265625e+01
9.819999694824218750e+01
9.840000152587890625e+01
9.836000061035156250e+01
9.816999816894531250e+01
9.829000091552734375e+01
9.844999694824218750e+01
9.847000122070312500e+01
9.844000244140625000e+01
9.837999725341796875e+01
9.830999755859375000e+01
9.847000122070312500e+01
9.843000030517578125e+01
9.851000213623046875e+01
9.845999908447265625e+01
9.854000091552734375e+01
9.844999694824218750e+01
9.863999938964843750e+01
9.845999908447265625e+01
9.858000183105468750e+01
9.865000152587890625e+01
9.855999755859375000e+01
9.850000000000000000e+01
9.826000213623046875e+01
9.862999725341796875e+01
9.837999725341796875e+01
9.861000061035156250e+01
9.856999969482421875e+01
9.859999847412109375e+01
9.856999969482421875e+01
9.862999725341796875e+01
9.843000030517578125e+01
9.858999633789062500e+01
9.865000152587890625e+01
9.868000030517578125e+01
9.859999847412109375e+01
9.862000274658203125e+01
9.861000061035156250e+01
9.862000274658203125e+01
9.868000030517578125e+01
9.861000061035156250e+01
9.869000244140625000e+01
9.873999786376953125e+01
9.855000305175781250e+01
9.866000366210937500e+01
9.865000152587890625e+01
9.865000152587890625e+01
9.873000335693359375e+01
9.869999694824218750e+01
9.863999938964843750e+01
9.866999816894531250e+01
9.879000091552734375e+01
9.880000305175781250e+01
9.875000000000000000e+01
9.876000213623046875e+01
9.880999755859375000e+01
9.875000000000000000e+01
9.865000152587890625e+01
9.858999633789062500e+01
9.875000000000000000e+01
