8.623999786376953125e+01
9.176999664306640625e+01
9.330999755859375000e+01
9.476000213623046875e+01
9.551000213623046875e+01
9.586000061035156250e+01
9.637000274658203125e+01
9.663999938964843750e+01
9.679000091552734375e+01
9.701999664306640625e+01
9.695999908447265625e+01
9.704000091552734375e+01
9.733000183105468750e+01
9.747000122070312500e+01
9.756999969482421875e+01
9.751000213623046875e+01
9.751999664306640625e+01
9.776999664306640625e+01
9.769999694824218750e+01
9.781999969482421875e+01
9.783999633789062500e+01
9.795999908447265625e+01
9.790000152587890625e+01
9.801000213623046875e+01
9.777999877929687500e+01
9.784999847412109375e+01
9.798999786376953125e+01
9.806999969482421875e+01
9.816999816894531250e+01
9.812000274658203125e+01
9.818000030517578125e+01
9.822000122070312500e+01
9.816000366210937500e+01
9.826000213623046875e+01
9.830999755859375000e+01
9.830000305175781250e+01
9.827999877929687500e+01
9.826999664306640625e+01
9.836000061035156250e+01
9.830000305175781250e+01
9.838999938964843750e+01
9.827999877929687500e+01
9.837000274658203125e+01
9.841000366210937500e+01
9.844000244140625000e+01
9.837000274658203125e+01
9.844999694824218750e+01
9.847000122070312500e+01
9.851000213623046875e+01
9.837000274658203125e+01
9.855000305175781250e+01
9.843000030517578125e+01
9.847000122070312500e+01
9.851999664306640625e+01
9.854000091552734375e+01
9.854000091552734375e+01
9.850000000000000000e+01
9.851000213623046875e+01
9.855999755859375000e+01
9.861000061035156250e+01
9.858999633789062500e+01
9.852999877929687500e+01
9.844000244140625000e+01
9.851999664306640625e+01
9.855999755859375000e+01
9.861000061035156250e+01
9.850000000000000000e+01
9.851999664306640625e+01
9.859999847412109375e+01
9.858999633789062500e+01
9.858000183105468750e+01
9.855999755859375000e+01
9.861000061035156250e+01
9.861000061035156250e+01
9.856999969482421875e+01
9.859999847412109375e+01
9.869000244140625000e+01
9.862999725341796875e+01
9.872000122070312500e+01
9.875000000000000000e+01
9.876999664306640625e+01
9.875000000000000000e+01
9.873000335693359375e+01
9.870999908447265625e+01
9.869999694824218750e+01
9.875000000000000000e+01
9.879000091552734375e+01
9.877999877929687500e+01
9.866000366210937500e+01
9.876999664306640625e+01
9.876000213623046875e+01
9.872000122070312500e+01
9.880000305175781250e+01
9.877999877929687500e+01
9.876000213623046875e+01
9.868000030517578125e+01
9.868000030517578125e+01
9.875000000000000000e+01
9.870999908447265625e+01
9.876000213623046875e+01
