8.744999694824218750e+01
9.195999908447265625e+01
9.404000091552734375e+01
9.523999786376953125e+01
9.559999847412109375e+01
9.594999694824218750e+01
9.622000122070312500e+01
9.641999816894531250e+01
9.673000335693359375e+01
9.670999908447265625e+01
9.687000274658203125e+01
9.701999664306640625e+01
9.708000183105468750e+01
9.711000061035156250e+01
9.726999664306640625e+01
9.734999847412109375e+01
9.740000152587890625e+01
9.748000335693359375e+01
9.751000213623046875e+01
9.756999969482421875e+01
9.772000122070312500e+01
9.766000366210937500e+01
9.777999877929687500e+01
9.783000183105468750e+01
9.791000366210937500e+01
9.793000030517578125e+01
9.805000305175781250e+01
9.802999877929687500e+01
9.798999786376953125e+01
9.806999969482421875e+01
9.805999755859375000e+01
9.802999877929687500e+01
9.812999725341796875e+01
9.816999816894531250e+01
9.816999816894531250e+01
9.816000366210937500e+01
9.827999877929687500e+01
9.823000335693359375e+01
9.823999786376953125e+01
9.823000335693359375e+01
9.830000305175781250e+01
9.833999633789062500e+01
9.833000183105468750e+01
9.831999969482421875e+01
9.829000091552734375e+01
9.837999725341796875e+01
9.838999938964843750e+01
9.836000061035156250e+01
9.833999633789062500e+01
9.844999694824218750e+01
9.847000122070312500e+01
9.833000183105468750e+01
9.831999969482421875e+01
9.833999633789062500e+01
9.845999908447265625e+01
9.840000152587890625e+01
9.843000030517578125e+01
9.840000152587890625e+01
9.837999725341796875e+01
9.844000244140625000e+01
9.848000335693359375e+01
9.844000244140625000e+01
9.847000122070312500e+01
9.848999786376953125e+01
9.845999908447265625e+01
9.852999877929687500e+01
9.851000213623046875e+01
9.856999969482421875e+01
9.855000305175781250e+01
9.865000152587890625e+01
9.858000183105468750e+01
9.851000213623046875e+01
9.855999755859375000e+01
9.855000305175781250e+01
9.861000061035156250e+01
9.861000061035156250e+01
9.855000305175781250e+01
9.862000274658203125e+01
9.866000366210937500e+01
9.868000030517578125e+01
9.866999816894531250e+01
9.870999908447265625e+01
9.868000030517578125e+01
9.873000335693359375e+01
9.870999908447265625e+01
9.873000335693359375e+01
9.869000244140625000e+01
9.873000335693359375e+01
9.868000030517578125e+01
9.869999694824218750e+01
9.869999694824218750e+01
9.866999816894531250e+01
9.870999908447265625e+01
9.870999908447265625e+01
9.872000122070312500e+01
9.865000152587890625e+01
9.875000000000000000e+01
9.875000000000000000e+01
9.877999877929687500e+01
9.875000000000000000e+01
