8.205000305175781250e+01
9.034999847412109375e+01
9.219999694824218750e+01
9.419000244140625000e+01
9.520999908447265625e+01
9.547000122070312500e+01
9.554000091552734375e+01
9.576999664306640625e+01
9.623000335693359375e+01
9.622000122070312500e+01
9.634999847412109375e+01
9.669999694824218750e+01
9.665000152587890625e+01
9.691000366210937500e+01
9.691999816894531250e+01
9.687999725341796875e+01
9.722000122070312500e+01
9.726999664306640625e+01
9.733999633789062500e+01
9.718000030517578125e+01
9.733000183105468750e+01
9.737000274658203125e+01
9.734999847412109375e+01
9.750000000000000000e+01
9.761000061035156250e+01
9.756999969482421875e+01
9.763999938964843750e+01
9.755999755859375000e+01
9.766999816894531250e+01
9.773000335693359375e+01
9.773999786376953125e+01
9.783000183105468750e+01
9.776999664306640625e+01
9.770999908447265625e+01
9.701000213623046875e+01
9.787000274658203125e+01
9.797000122070312500e+01
9.776000213623046875e+01
9.790000152587890625e+01
9.801000213623046875e+01
9.780000305175781250e+01
9.787999725341796875e+01
9.793000030517578125e+01
9.804000091552734375e+01
9.809999847412109375e+01
9.812000274658203125e+01
9.805999755859375000e+01
9.809999847412109375e+01
9.808999633789062500e+01
9.809999847412109375e+01
9.809999847412109375e+01
9.812999725341796875e+01
9.806999969482421875e+01
9.809999847412109375e+01
9.820999908447265625e+01
9.816000366210937500e+01
9.819999694824218750e+01
9.808000183105468750e+01
9.808000183105468750e+01
9.806999969482421875e+01
9.816999816894531250e+01
9.830999755859375000e+01
9.822000122070312500e+01
9.829000091552734375e+01
9.787999725341796875e+01
9.819999694824218750e+01
9.815000152587890625e+01
9.823999786376953125e+01
9.823999786376953125e+01
9.819999694824218750e+01
9.818000030517578125e+01
9.827999877929687500e+01
9.829000091552734375e+01
9.833999633789062500e+01
9.808999633789062500e+01
9.818000030517578125e+01
9.816000366210937500e+01
9.812000274658203125e+01
9.827999877929687500e+01
9.827999877929687500e+01
9.827999877929687500e+01
9.816999816894531250e+01
9.823999786376953125e+01
9.833999633789062500e+01
9.819999694824218750e+01
9.827999877929687500e+01
9.827999877929687500e+01
9.837999725341796875e+01
9.834999847412109375e+01
9.834999847412109375e+01
9.823999786376953125e+01
9.827999877929687500e+01
9.830999755859375000e+01
9.823999786376953125e+01
9.830000305175781250e+01
9.837000274658203125e+01
9.826000213623046875e+01
9.833999633789062500e+01
9.830000305175781250e+01
9.831999969482421875e+01
9.823999786376953125e+01
9.827999877929687500e+01
9.837999725341796875e+01
9.836000061035156250e+01
9.834999847412109375e+01
9.822000122070312500e+01
9.826999664306640625e+01
9.837000274658203125e+01
9.834999847412109375e+01
9.837000274658203125e+01
9.838999938964843750e+01
9.836000061035156250e+01
9.840000152587890625e+01
9.819000244140625000e+01
9.830000305175781250e+01
9.838999938964843750e+01
9.833000183105468750e+01
9.830000305175781250e+01
9.831999969482421875e+01
9.840000152587890625e+01
9.836000061035156250e+01
9.840000152587890625e+01
9.845999908447265625e+01
9.841000366210937500e+01
9.833000183105468750e+01
9.837000274658203125e+01
9.847000122070312500e+01
9.841000366210937500e+01
9.834999847412109375e+01
9.834999847412109375e+01
9.847000122070312500e+01
9.851999664306640625e+01
9.837999725341796875e+01
9.840000152587890625e+01
9.848000335693359375e+01
9.856999969482421875e+01
9.837000274658203125e+01
9.848000335693359375e+01
9.838999938964843750e+01
9.841999816894531250e+01
9.852999877929687500e+01
9.851999664306640625e+01
9.851000213623046875e+01
9.843000030517578125e+01
9.838999938964843750e+01
9.844999694824218750e+01
9.837999725341796875e+01
9.837999725341796875e+01
9.851000213623046875e+01
9.858000183105468750e+01
9.848000335693359375e+01
9.850000000000000000e+01
9.850000000000000000e+01
9.851000213623046875e+01
9.843000030517578125e+01
9.845999908447265625e+01
9.851999664306640625e+01
9.851999664306640625e+01
9.856999969482421875e+01
9.847000122070312500e+01
9.844000244140625000e+01
9.841999816894531250e+01
9.848999786376953125e+01
9.854000091552734375e+01
9.844999694824218750e+01
9.848000335693359375e+01
9.848999786376953125e+01
9.850000000000000000e+01
9.847000122070312500e+01
9.856999969482421875e+01
9.825000000000000000e+01
9.851000213623046875e+01
9.844000244140625000e+01
9.840000152587890625e+01
9.848999786376953125e+01
9.841000366210937500e+01
9.859999847412109375e+01
9.859999847412109375e+01
9.848000335693359375e+01
9.855999755859375000e+01
9.841000366210937500e+01
9.844999694824218750e+01
9.850000000000000000e+01
9.852999877929687500e+01
9.861000061035156250e+01
9.861000061035156250e+01
9.847000122070312500e+01
9.837000274658203125e+01
9.833000183105468750e+01
9.854000091552734375e+01
9.847000122070312500e+01
9.851999664306640625e+01
9.847000122070312500e+01
9.848999786376953125e+01
9.852999877929687500e+01
9.866000366210937500e+01
9.852999877929687500e+01
9.858999633789062500e+01
9.848000335693359375e+01
9.861000061035156250e+01
