8.375000000000000000e+01
8.981999969482421875e+01
9.265000152587890625e+01
9.352999877929687500e+01
9.426999664306640625e+01
9.487000274658203125e+01
9.522000122070312500e+01
9.572000122070312500e+01
9.625000000000000000e+01
9.623000335693359375e+01
9.650000000000000000e+01
9.645999908447265625e+01
9.669999694824218750e+01
9.701999664306640625e+01
9.705999755859375000e+01
9.716999816894531250e+01
9.716999816894531250e+01
9.715000152587890625e+01
9.720999908447265625e+01
9.736000061035156250e+01
9.747000122070312500e+01
9.747000122070312500e+01
9.744999694824218750e+01
9.761000061035156250e+01
9.750000000000000000e+01
9.762000274658203125e+01
9.768000030517578125e+01
9.769999694824218750e+01
9.781999969482421875e+01
9.793000030517578125e+01
9.768000030517578125e+01
9.783000183105468750e+01
9.768000030517578125e+01
9.769999694824218750e+01
9.791000366210937500e+01
9.781999969482421875e+01
9.786000061035156250e+01
9.794999694824218750e+01
9.802999877929687500e+01
9.801999664306640625e+01
9.793000030517578125e+01
9.781999969482421875e+01
9.795999908447265625e+01
9.788999938964843750e+01
9.793000030517578125e+01
9.800000000000000000e+01
9.793000030517578125e+01
9.801999664306640625e+01
9.793000030517578125e+01
9.808000183105468750e+01
9.805999755859375000e+01
9.801999664306640625e+01
9.805000305175781250e+01
9.816999816894531250e+01
9.816000366210937500e+01
9.819000244140625000e+01
9.815000152587890625e+01
9.806999969482421875e+01
9.808999633789062500e+01
9.819000244140625000e+01
9.818000030517578125e+01
9.823000335693359375e+01
9.816999816894531250e+01
9.819999694824218750e+01
9.822000122070312500e+01
9.819000244140625000e+01
9.816000366210937500e+01
9.823999786376953125e+01
9.822000122070312500e+01
9.823000335693359375e+01
9.820999908447265625e+01
9.818000030517578125e+01
9.815000152587890625e+01
9.818000030517578125e+01
9.820999908447265625e+01
9.812999725341796875e+01
9.826999664306640625e+01
9.819000244140625000e+01
9.831999969482421875e+01
9.826999664306640625e+01
9.836000061035156250e+01
9.825000000000000000e+01
9.834999847412109375e+01
9.827999877929687500e+01
9.815000152587890625e+01
9.830999755859375000e+01
9.833000183105468750e+01
9.827999877929687500e+01
9.823999786376953125e+01
9.819999694824218750e+01
9.830000305175781250e+01
9.831999969482421875e+01
9.837999725341796875e+01
9.837000274658203125e+01
9.840000152587890625e+01
9.836000061035156250e+01
9.834999847412109375e+01
9.841999816894531250e+01
9.840000152587890625e+01
9.843000030517578125e+01
9.834999847412109375e+01
9.843000030517578125e+01
9.844000244140625000e+01
9.834999847412109375e+01
9.831999969482421875e+01
9.847000122070312500e+01
9.838999938964843750e+01
9.847000122070312500e+01
9.838999938964843750e+01
9.837000274658203125e+01
9.845999908447265625e+01
9.843000030517578125e+01
9.847000122070312500e+01
9.845999908447265625e+01
9.844000244140625000e+01
9.841000366210937500e+01
9.843000030517578125e+01
9.843000030517578125e+01
9.845999908447265625e+01
9.850000000000000000e+01
9.848000335693359375e+01
9.847000122070312500e+01
9.850000000000000000e+01
9.845999908447265625e+01
9.848000335693359375e+01
9.848000335693359375e+01
9.851999664306640625e+01
9.856999969482421875e+01
9.848999786376953125e+01
9.855999755859375000e+01
9.851000213623046875e+01
9.851000213623046875e+01
9.844000244140625000e+01
9.841000366210937500e+01
9.848999786376953125e+01
9.850000000000000000e+01
9.848000335693359375e+01
9.848999786376953125e+01
9.856999969482421875e+01
9.848000335693359375e+01
9.856999969482421875e+01
9.855999755859375000e+01
9.852999877929687500e+01
9.859999847412109375e+01
9.848999786376953125e+01
9.852999877929687500e+01
9.855999755859375000e+01
9.855000305175781250e+01
9.852999877929687500e+01
9.847000122070312500e+01
9.850000000000000000e+01
9.847000122070312500e+01
9.845999908447265625e+01
9.847000122070312500e+01
9.837999725341796875e+01
9.848999786376953125e+01
9.854000091552734375e+01
9.856999969482421875e+01
9.844999694824218750e+01
9.851000213623046875e+01
9.852999877929687500e+01
9.851999664306640625e+01
9.850000000000000000e+01
9.855999755859375000e+01
9.855000305175781250e+01
9.855999755859375000e+01
9.855999755859375000e+01
9.851000213623046875e+01
9.856999969482421875e+01
9.854000091552734375e+01
9.862000274658203125e+01
9.856999969482421875e+01
9.854000091552734375e+01
9.855000305175781250e+01
9.848999786376953125e+01
9.861000061035156250e+01
9.858999633789062500e+01
9.856999969482421875e+01
9.861000061035156250e+01
9.858000183105468750e+01
9.855999755859375000e+01
9.865000152587890625e+01
9.855000305175781250e+01
9.862000274658203125e+01
9.856999969482421875e+01
9.851999664306640625e+01
9.862000274658203125e+01
9.861000061035156250e+01
9.855000305175781250e+01
9.855999755859375000e+01
9.856999969482421875e+01
9.852999877929687500e+01
9.851999664306640625e+01
9.854000091552734375e+01
9.848999786376953125e+01
9.861000061035156250e+01
9.858000183105468750e+01
9.859999847412109375e+01
9.845999908447265625e+01
9.847000122070312500e+01
