8.590000152587890625e+01
9.115000152587890625e+01
9.344000244140625000e+01
9.438999938964843750e+01
9.497000122070312500e+01
9.544000244140625000e+01
9.593000030517578125e+01
9.608999633789062500e+01
9.631999969482421875e+01
9.641999816894531250e+01
9.650000000000000000e+01
9.679000091552734375e+01
9.687999725341796875e+01
9.697000122070312500e+01
9.705999755859375000e+01
9.719000244140625000e+01
9.743000030517578125e+01
9.725000000000000000e+01
9.755000305175781250e+01
9.754000091552734375e+01
9.743000030517578125e+01
9.786000061035156250e+01
9.773000335693359375e+01
9.772000122070312500e+01
9.790000152587890625e+01
9.791000366210937500e+01
9.787000274658203125e+01
9.783000183105468750e+01
9.794000244140625000e+01
9.795999908447265625e+01
9.787999725341796875e+01
9.798000335693359375e+01
9.794000244140625000e+01
9.802999877929687500e+01
9.808000183105468750e+01
9.819000244140625000e+01
9.805000305175781250e+01
9.806999969482421875e+01
9.815000152587890625e+01
9.816999816894531250e+01
9.815000152587890625e+01
9.812999725341796875e+01
9.825000000000000000e+01
9.826000213623046875e+01
9.820999908447265625e+01
9.816999816894531250e+01
9.825000000000000000e+01
9.830000305175781250e+01
9.837999725341796875e+01
9.822000122070312500e+01
9.837999725341796875e+01
9.831999969482421875e+01
9.833999633789062500e+01
9.831999969482421875e+01
9.837999725341796875e+01
9.836000061035156250e+01
9.837000274658203125e+01
9.833999633789062500e+01
9.841999816894531250e+01
9.837000274658203125e+01
9.848000335693359375e+01
9.844999694824218750e+01
9.836000061035156250e+01
9.841000366210937500e+01
9.840000152587890625e+01
9.848999786376953125e+01
9.838999938964843750e+01
9.840000152587890625e+01
9.840000152587890625e+01
9.850000000000000000e+01
9.858000183105468750e+01
9.848000335693359375e+01
9.855000305175781250e+01
9.861000061035156250e+01
9.858000183105468750e+01
9.861000061035156250e+01
9.856999969482421875e+01
9.845999908447265625e+01
9.854000091552734375e+01
9.855999755859375000e+01
9.854000091552734375e+01
9.858999633789062500e+01
9.852999877929687500e+01
9.854000091552734375e+01
9.865000152587890625e+01
9.858999633789062500e+01
9.858000183105468750e+01
9.862999725341796875e+01
9.856999969482421875e+01
9.861000061035156250e+01
9.856999969482421875e+01
9.850000000000000000e+01
9.856999969482421875e+01
9.862000274658203125e+01
9.866999816894531250e+01
9.862999725341796875e+01
9.863999938964843750e+01
9.861000061035156250e+01
9.859999847412109375e+01
9.859999847412109375e+01
9.859999847412109375e+01
9.862000274658203125e+01
9.865000152587890625e+01
9.861000061035156250e+01
9.861000061035156250e+01
9.869000244140625000e+01
9.862999725341796875e+01
9.869999694824218750e+01
9.865000152587890625e+01
9.866000366210937500e+01
9.865000152587890625e+01
9.868000030517578125e+01
9.866000366210937500e+01
9.862999725341796875e+01
9.866000366210937500e+01
9.862999725341796875e+01
9.868000030517578125e+01
9.866999816894531250e+01
9.868000030517578125e+01
9.866000366210937500e+01
9.873000335693359375e+01
9.866000366210937500e+01
9.876000213623046875e+01
9.869999694824218750e+01
9.875000000000000000e+01
9.873000335693359375e+01
9.873000335693359375e+01
9.872000122070312500e+01
9.863999938964843750e+01
9.866999816894531250e+01
9.866000366210937500e+01
9.866000366210937500e+01
9.870999908447265625e+01
9.870999908447265625e+01
9.869000244140625000e+01
9.870999908447265625e+01
9.873000335693359375e+01
9.868000030517578125e+01
9.873000335693359375e+01
9.869999694824218750e+01
9.873000335693359375e+01
9.869999694824218750e+01
9.875000000000000000e+01
9.873999786376953125e+01
9.873999786376953125e+01
9.868000030517578125e+01
9.872000122070312500e+01
9.873000335693359375e+01
9.866999816894531250e+01
9.869000244140625000e+01
9.875000000000000000e+01
9.873000335693359375e+01
9.876000213623046875e+01
9.875000000000000000e+01
9.872000122070312500e+01
9.869000244140625000e+01
9.876999664306640625e+01
9.866999816894531250e+01
9.873999786376953125e+01
9.868000030517578125e+01
9.870999908447265625e+01
9.869999694824218750e+01
9.873000335693359375e+01
9.869000244140625000e+01
9.869000244140625000e+01
9.869000244140625000e+01
9.872000122070312500e+01
9.869000244140625000e+01
9.866999816894531250e+01
9.869000244140625000e+01
9.877999877929687500e+01
9.869999694824218750e+01
9.858000183105468750e+01
9.866000366210937500e+01
9.872000122070312500e+01
9.866999816894531250e+01
9.866000366210937500e+01
9.875000000000000000e+01
9.869999694824218750e+01
9.873999786376953125e+01
9.876000213623046875e+01
9.875000000000000000e+01
9.866000366210937500e+01
9.872000122070312500e+01
9.876000213623046875e+01
9.866999816894531250e+01
9.869999694824218750e+01
9.875000000000000000e+01
9.880000305175781250e+01
9.875000000000000000e+01
9.866000366210937500e+01
9.873000335693359375e+01
9.872000122070312500e+01
9.876000213623046875e+01
9.870999908447265625e+01
9.870999908447265625e+01
9.870999908447265625e+01
9.879000091552734375e+01
9.875000000000000000e+01
9.876999664306640625e+01
