1.683588123470544762e+00
8.710413392571110247e-01
6.138301273352569920e-01
5.610903741460707694e-01
4.833607220401366367e-01
4.066158382097880275e-01
3.945332533131456487e-01
3.520302987809603712e-01
3.447669345441196631e-01
3.178008176065567625e-01
2.873353697416993202e-01
2.616598783441198561e-01
2.542653792799683954e-01
2.551197865396582776e-01
2.208925186499658688e-01
2.203285528181697372e-01
2.164455584178600900e-01
2.052069229508520776e-01
1.893763757575652462e-01
1.919614801679321026e-01
1.898870253732651281e-01
1.889056605087777729e-01
1.741961839448049609e-01
1.725887900250284712e-01
1.569566865249513721e-01
1.983353761615581079e-01
1.449748954697982761e-01
1.436062358475060641e-01
1.699789842981812849e-01
1.653417098961815768e-01
1.695615437038294482e-01
1.599107621670458335e-01
1.481532298229915889e-01
1.409149442424344201e-01
1.450025094201531084e-01
1.491981749380611455e-01
1.404264258523441333e-01
1.336920793630467230e-01
1.360126615370891301e-01
1.374160742053930906e-01
1.288795612433892013e-01
1.416847458083483058e-01
1.213467678443570091e-01
1.295676937196991729e-01
1.088203411420525235e-01
1.268926478130179003e-01
1.197185121684878895e-01
1.226420731776718814e-01
1.299364242602755737e-01
1.255338662428583940e-01
1.208652346363608826e-01
1.261266852757920165e-01
9.866208471429825655e-02
1.415835414078441823e-01
1.200703516969997414e-01
1.043366275909229507e-01
1.114285716989586172e-01
1.048411515154408918e-01
1.047919755012256537e-01
1.215209093707062676e-01
9.940549085240846239e-02
1.174927344324266654e-01
9.888302593803310891e-02
1.016420874301183913e-01
9.911087683061137188e-02
1.047543447050552495e-01
9.282178136551465231e-02
1.099107252149330305e-01
1.004627176263944294e-01
9.356669831225097878e-02
8.829897379479588471e-02
1.115496955775919785e-01
1.068808331473083684e-01
9.361988661983959570e-02
8.473603659676652577e-02
1.041377391744287423e-01
1.024463285045973671e-01
1.027521389040463723e-01
9.021535061233891539e-02
9.043890842549920372e-02
9.336409829301932362e-02
9.771504482385381940e-02
9.145745244249248174e-02
8.304705709695604787e-02
9.475097018850948960e-02
9.551667418810171062e-02
9.406940049355612399e-02
9.456210350784056973e-02
8.873014231857799528e-02
9.330316179837104540e-02
1.102269977873146928e-01
1.078457975548116343e-01
1.314929720523237144e-01
1.152332483057834506e-01
1.151588684486984232e-01
1.070217715351311216e-01
1.176263810919126740e-01
1.126039527437888710e-01
1.163185643447609136e-01
1.141627596988798593e-01
1.117124383768955675e-01
1.041551532761547938e-01
1.025562986843113478e-01
1.150293158894069162e-01
1.070002673830547230e-01
1.120957127593605052e-01
1.122772801289442929e-01
9.538375403736722158e-02
9.808852598089497221e-02
9.301693274195230177e-02
1.096667286874027231e-01
1.060328244102304585e-01
8.065934896178766911e-02
9.512694707087683554e-02
9.720416656112364218e-02
9.539872468154490803e-02
1.034781773933021870e-01
9.427714560730816873e-02
9.810951856746791266e-02
1.020979447349631558e-01
9.436508525533705838e-02
8.784485310393400082e-02
8.850952639296408297e-02
9.043847782266527247e-02
8.632924021532253911e-02
9.370309738130898347e-02
8.287364139052461054e-02
9.443420825490597692e-02
8.376873084725912355e-02
9.458092269585111067e-02
8.836265028671401456e-02
7.929905986156106368e-02
8.523863314540820746e-02
8.718544060925584316e-02
9.286181131326308458e-02
8.081947268715539145e-02
8.302445705551071697e-02
9.130289149994429143e-02
8.162032292422416457e-02
8.132346845440739658e-02
8.805516895636154862e-02
8.507313464180632501e-02
7.948365956618931583e-02
8.822612145829730745e-02
8.327872043024947546e-02
8.037163084644666222e-02
8.116004499546841666e-02
9.185749426527679840e-02
7.758695308470228702e-02
8.438783515077492858e-02
7.796614432845168363e-02
8.426192590165415552e-02
7.262957496741814789e-02
9.117469814024713182e-02
7.485527873244229857e-02
8.445014713673833218e-02
8.291792600839678617e-02
7.909137079919278945e-02
7.744412262633698640e-02
7.548435069808934195e-02
8.190236949756764251e-02
7.578499130419218133e-02
7.504914894611144915e-02
7.192735401046482235e-02
8.272537565748851185e-02
7.213685985897866360e-02
7.473505928523473119e-02
8.047938838269978745e-02
8.106382297894736133e-02
7.753688690336477118e-02
7.738105746472576096e-02
8.057405503604452013e-02
7.074968317716738564e-02
7.195732956050013285e-02
6.964114012672786846e-02
7.793647487038911359e-02
7.894762914188635516e-02
7.437805786992608692e-02
7.093178001817694589e-02
7.680377304387249471e-02
8.004144078615429980e-02
7.348634482589733175e-02
7.554783942666931651e-02
7.287557159026834819e-02
7.830998705178657260e-02
7.091434999977416775e-02
7.868333861984483368e-02
7.601188503779761352e-02
7.024060580820699895e-02
7.177383347820918968e-02
7.068210534236651910e-02
7.090444148676626479e-02
6.598351096144913774e-02
6.551381689098646766e-02
6.554664198002599362e-02
7.199226920488978332e-02
7.802741025912450501e-02
6.486009628457652110e-02
6.940665684248152612e-02
7.070243646479849875e-02
