1.654830146897584342e+00
7.931307787306253188e-01
5.968494982272386506e-01
4.885931107865291168e-01
4.379255817415901864e-01
3.641915822812977210e-01
3.526250653025797543e-01
3.242758874403726677e-01
2.954766712548111407e-01
2.830103823008193187e-01
2.795988347191208923e-01
2.601555444015604124e-01
2.555356630013280173e-01
2.514508505041724296e-01
2.340577993428035186e-01
2.332289041164201937e-01
2.239032946219311759e-01
2.154740028365685622e-01
2.013219958612292859e-01
2.143131319833559423e-01
2.043790059873653031e-01
2.064369123009133222e-01
1.863960369362896163e-01
1.789312041987216328e-01
1.875572217633210692e-01
1.777476620936067619e-01
1.763631406119114675e-01
1.785335806521874957e-01
1.762103442124195452e-01
1.631542624868589364e-01
1.627107184356369751e-01
1.776320403386671132e-01
1.674603347449419577e-01
1.660481610373937544e-01
1.701003744740410273e-01
1.509791969175378890e-01
1.535227152532291361e-01
1.519745989895212313e-01
1.391665290833231927e-01
1.440370340436129548e-01
1.476383520927144477e-01
1.523745355732616102e-01
1.528341329128625192e-01
1.429573741454457092e-01
1.453602757789283773e-01
1.264405892710541157e-01
1.358244962281532076e-01
1.391558483137395885e-01
1.312159590719291780e-01
1.324610451540118028e-01
1.289858574848118111e-01
1.372144922494657748e-01
1.238504612342394839e-01
1.338485723300940067e-01
1.187171700835996935e-01
1.305588290356570758e-01
1.230975678365891918e-01
1.429207296274000172e-01
1.289020919103408269e-01
1.355941639078964978e-01
1.288105903047055689e-01
1.202468584363547421e-01
1.268036707216783077e-01
1.225973735830836187e-01
1.284646403487571809e-01
1.199437198845763747e-01
1.154919493810052655e-01
1.269398661568823528e-01
1.205690510529104365e-01
1.066691839926958429e-01
1.112097841375665197e-01
1.147878201305839035e-01
1.117411158343426525e-01
1.181449010220451956e-01
1.070263382705048671e-01
1.071735547045615106e-01
1.204192360692974972e-01
1.081826620311630710e-01
1.091719248400767339e-01
1.038076611976704866e-01
1.103422545817375061e-01
1.210634673429012709e-01
1.181078248711726897e-01
1.158928951696833187e-01
1.042217881353947884e-01
1.044260956212140767e-01
1.170255388019439124e-01
1.036684496759213842e-01
1.018010726140428784e-01
1.125553865571378570e-01
1.086713178128952267e-01
9.980773383997318393e-02
1.097348007898467648e-01
1.013332912398497432e-01
1.070057695165137907e-01
9.774144086298343359e-02
1.065827532218340673e-01
9.975131402532658176e-02
1.039277150390755938e-01
9.592486931729642119e-02
