1.710337877869605894e+00
8.426939432819682274e-01
6.057102672170316948e-01
4.895750368464117375e-01
4.028666622275486331e-01
3.743165233358740629e-01
3.538769307814073062e-01
3.102513888337471992e-01
2.995283140802348365e-01
2.785196976561133408e-01
2.600478432440286314e-01
2.567049249765598895e-01
2.546335159335716969e-01
2.392678570147559192e-01
2.318390215315028202e-01
2.284562052237015528e-01
2.189808306620276979e-01
2.165286832014681195e-01
1.962434443184671862e-01
1.986930226755066475e-01
1.899308614295646402e-01
1.940669762450744906e-01
1.844612243694330744e-01
1.832816763019245454e-01
1.842181134438740375e-01
1.796375426782275686e-01
1.702170158233299591e-01
1.659786028998011254e-01
1.630469260822913768e-01
1.728539964006715890e-01
1.640904452323620477e-01
1.569277536384603433e-01
1.598583816956973547e-01
1.536638559111088154e-01
1.619274602538566532e-01
1.462867681725462388e-01
1.410450948767903445e-01
1.380084154868873036e-01
1.430585741747108786e-01
1.483848795625393180e-01
1.442054536558534938e-01
1.307450503270532194e-01
1.384813380822821904e-01
1.400369554237336223e-01
1.309954113465358061e-01
1.396181624969529966e-01
1.272304442477222297e-01
1.400177231398017086e-01
1.371294615349479551e-01
1.329051725085211022e-01
1.385588890539462548e-01
1.380330656071745987e-01
1.447512484752367656e-01
1.302268956042014481e-01
1.298629386632085825e-01
1.363444482943645397e-01
1.270595390075868469e-01
1.305499373920321615e-01
1.184426900837800833e-01
1.258703014560481614e-01
1.216595178383692577e-01
1.111833288270979020e-01
1.192852356112156093e-01
1.201479365549415340e-01
1.175085814585903332e-01
1.245715078306905005e-01
1.244569011098778932e-01
1.065650799541824206e-01
1.216232289777639669e-01
1.257120114215743711e-01
1.131126347538981280e-01
1.071279094785518166e-01
1.174110088901642451e-01
1.136060187784161679e-01
1.102365027121925134e-01
1.128079019034209651e-01
1.049187994105145599e-01
1.025071461463678557e-01
1.147537521892065121e-01
1.098354025113988663e-01
9.586564611976818029e-02
1.091632122367063723e-01
1.013069398545723560e-01
1.071789777145259193e-01
1.166392405555957412e-01
1.023416956426201202e-01
1.078777828062398303e-01
1.028361985229638009e-01
9.548615890861324174e-02
1.048036626826432532e-01
9.821012803306258809e-02
9.814989969577117557e-02
1.040062545741246014e-01
1.084450141469125301e-01
1.047203354678704762e-01
9.928263988273784701e-02
9.145008041940756727e-02
9.636011034351379956e-02
9.123929789526362411e-02
9.314310208925893897e-02
9.668427250314140520e-02
9.253787582508675447e-02
1.016599636192986045e-01
9.527966246977315201e-02
1.029912310917764640e-01
1.000473512108332186e-01
9.098929453348489349e-02
9.579334981241319213e-02
9.255437974990299299e-02
1.061635375971220208e-01
9.018077057713753952e-02
8.878315193826374907e-02
8.912525913323936233e-02
9.340577644887357311e-02
8.727741971099976792e-02
9.367191527854225319e-02
8.933060708105299008e-02
9.545728444724380091e-02
9.912908743556828051e-02
9.436162915728094069e-02
8.456417514928371570e-02
8.766593060522048786e-02
8.738836848056155682e-02
8.320903347655880800e-02
8.568505154840624916e-02
8.841442102911489798e-02
9.199894277503012363e-02
8.568124329341052225e-02
8.567875264187857498e-02
9.057100576393486979e-02
9.740282328398687517e-02
8.890583524789300029e-02
8.642624075983160181e-02
8.499064742469662759e-02
8.746529403176103723e-02
7.997141127368131985e-02
9.028233485385128709e-02
9.433569317733647708e-02
8.427458971553190847e-02
8.542385012897829588e-02
8.136566649411727803e-02
7.670044775546330795e-02
8.099481806773416170e-02
7.724769494454072905e-02
8.973203235543965317e-02
7.788261882191700736e-02
8.193922678669116055e-02
8.982273298347313861e-02
8.505490043402433309e-02
8.755281763178537902e-02
7.818817338734027067e-02
8.534404416635338331e-02
1.007629302518376901e-01
8.237355422540701411e-02
7.902414903066121155e-02
8.983958158840228692e-02
7.552065430685084291e-02
8.368936879923689898e-02
8.011841152784858477e-02
7.810698841705995821e-02
9.164548443326184235e-02
7.962013375251394964e-02
6.899731630138535021e-02
7.486033899383957857e-02
9.225397456053877066e-02
7.708255681324380215e-02
7.532735141850069316e-02
8.881424429812366517e-02
7.792607994961094076e-02
7.571607445319926410e-02
7.674571155214743312e-02
8.503568348474586924e-02
7.653551521877481612e-02
7.493967220222354231e-02
7.734960789585737517e-02
7.803625182125334403e-02
7.155383874701642943e-02
7.783853742710572510e-02
7.897931314083186938e-02
7.115707526625802970e-02
7.546158245736103720e-02
7.508949591905815513e-02
6.633629090628809233e-02
7.003325509626873169e-02
6.474182582860679713e-02
9.108614748238824665e-02
6.485943908376828881e-02
7.314146371892288334e-02
7.086217638911290750e-02
7.033384125614812465e-02
7.184128311513189591e-02
7.000217752831337792e-02
7.617196455700001034e-02
6.724011456830701616e-02
7.175417719838787789e-02
7.366001156367833758e-02
7.509655651956353983e-02
6.704803394995761945e-02
7.213568080932689086e-02
7.586051254443125502e-02
