1.828753976275523607e+00
9.243863316377003425e-01
6.476169331868489865e-01
5.423634426544110543e-01
4.955015894435346735e-01
3.952513511872126073e-01
3.863624804948145863e-01
3.863624804948145863e-01
3.826085771620273412e-01
3.451480093357773837e-01
3.282750550816611601e-01
3.338475760770961975e-01
3.338475760770961975e-01
3.338475760770961975e-01
2.687781427446235827e-01
2.882204436255463298e-01
2.681356151823032219e-01
2.848052487823103385e-01
2.814636239346064994e-01
2.813646234081048636e-01
2.455348034451405037e-01
2.466718108234150775e-01
2.457176921052208474e-01
2.116511731546294739e-01
2.231410828839418270e-01
2.135259563049637654e-01
2.350516581905928160e-01
1.965292040645120197e-01
2.098009426097026675e-01
2.285970555672005022e-01
2.224661314898791209e-01
1.835156495385854569e-01
2.040087438886985238e-01
1.645349508123763460e-01
1.603603791235946041e-01
1.866741250040770961e-01
1.771182318917804976e-01
1.589648529071807093e-01
1.840346562288565635e-01
1.857905372379173026e-01
2.011813531300746805e-01
1.584761512022264951e-01
1.682456042707114463e-01
1.613814638893624198e-01
2.252181613231853952e-01
1.914793049812578696e-01
1.786837473904920870e-01
1.725637883890522029e-01
1.371853443965725672e-01
1.629712795010224702e-01
1.752323569937693504e-01
1.560919820545273451e-01
1.388817088509085584e-01
1.668474300053074399e-01
1.338959810415366880e-01
1.530829047087730321e-01
1.522643141535324207e-01
1.445122006492708111e-01
1.271756158689604510e-01
1.239094743666191850e-01
1.078808219463917445e-01
1.253871097032830950e-01
1.407575637544222491e-01
1.515282460619709892e-01
1.429119321992958214e-01
1.213652766143241135e-01
1.247530142137960041e-01
1.570782896255493721e-01
1.422895917626707807e-01
1.563731835869854869e-01
1.163932629435688176e-01
1.511967468930743297e-01
1.639138363476619342e-01
1.380248547193138609e-01
1.196768148731983256e-01
1.320061267754754353e-01
1.092263569380183957e-01
1.298696183476181487e-01
1.007049766941145175e-01
1.259375299915831692e-01
1.031769201975695632e-01
1.211447855043459726e-01
1.007632684851099275e-01
9.731704836813150072e-02
1.269356732846078084e-01
1.170351304295741135e-01
1.218653078228696118e-01
1.524192057924786126e-01
1.108047289468477997e-01
1.132027088421409811e-01
1.177336702492160353e-01
1.207443126499856689e-01
1.493491496081211789e-01
1.154505794683872294e-01
1.221923323217066065e-01
1.050532594140372589e-01
9.159345821511577501e-02
1.136926746885784517e-01
1.015078811319305441e-01
1.210905294695658052e-01
8.244006653139726581e-02
1.055883676675435368e-01
9.974282990012095507e-02
1.347203957581286082e-01
1.025386897229918770e-01
1.166153686613961293e-01
1.014602485301637907e-01
8.743645051859025297e-02
1.068693377801006872e-01
1.431277903507743865e-01
1.042591391314848376e-01
1.065517488370399668e-01
1.108836190572886349e-01
1.150598037001244189e-01
9.028140916965146645e-02
9.506294667369205587e-02
1.039988989251279944e-01
1.159697702210041870e-01
1.197433595606617052e-01
1.084437154987214491e-01
1.063288456530120940e-01
1.004389898917967539e-01
9.178036087916073560e-02
1.028366285586181095e-01
1.099380726867419389e-01
1.121560792929888750e-01
1.096828705153448380e-01
1.041652117814472617e-01
1.399453116846487155e-01
1.109170358105226739e-01
8.829026510975457320e-02
1.006558451018251393e-01
1.006558451018251393e-01
9.895713033783218315e-02
1.250534026980504310e-01
9.820510180112820842e-02
1.310747682937153380e-01
1.159338420911505130e-01
1.060451547919617210e-01
1.060451547919617210e-01
1.136305063556422579e-01
1.150785228999909038e-01
1.101068064038475264e-01
1.082053947359296886e-01
1.341602428467119079e-01
9.762684717797787126e-02
1.061070926841568007e-01
1.196940545385950794e-01
1.048311879577023403e-01
1.017424951028450125e-01
1.048008702348559168e-01
8.313499469975350886e-02
9.242096627030604861e-02
9.321163601554005584e-02
1.031267404566303114e-01
1.109614289045769836e-01
9.455134543022722382e-02
8.999916110522175605e-02
8.767680184821073641e-02
1.142519773946393535e-01
1.243831992590851976e-01
1.175665075444423252e-01
9.825297132439383962e-02
1.194428670221956701e-01
1.002690910673758734e-01
9.206539790397527678e-02
1.046873147349114686e-01
8.920770072129319272e-02
9.310230047896464467e-02
8.833677185833949119e-02
1.019840942138796475e-01
9.031863366363750145e-02
8.432766904735926328e-02
9.087628868789983383e-02
9.477405535936772596e-02
7.531411416551121729e-02
7.803746294273272710e-02
1.012306092964214699e-01
1.014627390853585498e-01
8.897533625772717503e-02
8.213365368944702816e-02
8.368293909591024982e-02
7.971642435929020276e-02
9.493652150131917655e-02
1.080317467580016455e-01
1.022493307998857820e-01
8.885268997135503666e-02
1.009393274978890309e-01
9.484874954657268598e-02
9.444602641635450879e-02
8.865494560741904451e-02
9.633526867562605678e-02
9.628236865719069781e-02
8.168414066918042171e-02
8.115841010337493389e-02
1.047869433221783886e-01
7.675073385377306767e-02
7.441919793351607637e-02
9.508331768993458222e-02
8.462662518418735680e-02
