1.940432281427913352e+00
9.090510613918304506e-01
6.585711123918494003e-01
5.426431402455393904e-01
4.597566543587793264e-01
3.954010263266455882e-01
3.604767787196517803e-01
3.324731284357452243e-01
3.136009427868218236e-01
2.893362204870209009e-01
2.786633102149547181e-01
2.780072612284372746e-01
2.639218897758595084e-01
2.844992098604173791e-01
2.334036846155261580e-01
2.226684407452606540e-01
2.218574802793510659e-01
2.297355323873385424e-01
2.117141212336719203e-01
2.090283416287598284e-01
2.156801073178050698e-01
2.125794426614366905e-01
1.869128720555454648e-01
2.091889360789597196e-01
1.872945631025100255e-01
2.036549082042700964e-01
1.840528460237813302e-01
1.661117176424158903e-01
1.758531010239579306e-01
1.649085829908514267e-01
1.697916225354887121e-01
1.652564430223042724e-01
1.595116137203513307e-01
1.426963039254992016e-01
1.679612995456166991e-01
1.945299565574197254e-01
1.649567057093687672e-01
1.681350983918673547e-01
1.483893774272898314e-01
1.553342798460574381e-01
1.268196952638875885e-01
1.690719048187464824e-01
1.514496446747049807e-01
1.516115159228320075e-01
1.366891223838585245e-01
1.452051870729147987e-01
1.483085961416009124e-01
1.400451606497920554e-01
1.365500051597579589e-01
1.368017078836445966e-01
1.546016959964132687e-01
1.314282190045469034e-01
1.325715343412526559e-01
1.423788185455123201e-01
1.183341757154937196e-01
1.216177539250687389e-01
1.505087745180807013e-01
1.283689089043643095e-01
1.301385437986881388e-01
1.406930569377567997e-01
1.308683925601135112e-01
1.136507386528834707e-01
1.257226359016537232e-01
1.167544574561533155e-01
1.308597972601031334e-01
1.350258968487245692e-01
1.227933368102830658e-01
1.091996246921197039e-01
1.111896299611550426e-01
1.199396480911764096e-01
1.101212672186510505e-01
1.247226619054466329e-01
1.133608811879877332e-01
1.164529178715724839e-01
1.283247087768328576e-01
1.249977170897204892e-01
1.200391632753087801e-01
1.132080598600017363e-01
1.267719654984595379e-01
1.123852743042439706e-01
1.146431287980937130e-01
1.155771395125702733e-01
1.074982912028789039e-01
1.046812716134078308e-01
1.126689253238168931e-01
9.872257097203147869e-02
1.029812891536437403e-01
9.682932722960838068e-02
1.035821018096706736e-01
9.746086986651174289e-02
8.619567089707491636e-02
9.987274893890529803e-02
1.048687554740718036e-01
1.057905484103703192e-01
9.592218565424807941e-02
8.472736955310258833e-02
9.590755169217557441e-02
9.387635535825052113e-02
1.021965661600767461e-01
9.813256199891080833e-02
8.011045890114587564e-02
1.018147679926898475e-01
1.090672388378433333e-01
8.719548659469782137e-02
1.013889952146852513e-01
9.660181779827931026e-02
1.024655308731168279e-01
9.715837469562904616e-02
9.432746265352458248e-02
8.513918941793975625e-02
8.918459286341941239e-02
9.609975778405101254e-02
8.094755184178589746e-02
8.458603084317170562e-02
1.229279851528190248e-01
9.807954956556022563e-02
9.600160913913391436e-02
8.869759471574172049e-02
9.081070201949903442e-02
9.035394040726255072e-02
9.638911100798647213e-02
1.017368269473612613e-01
9.108556691163054164e-02
9.962383376336778062e-02
8.482147758505058366e-02
8.449073539596667348e-02
8.459914616362540496e-02
9.170813475491476630e-02
7.315750246608236640e-02
9.123465531230330605e-02
9.223445884587330723e-02
9.463146994137386359e-02
8.311938185467843132e-02
9.658865114127872242e-02
7.939826009179383470e-02
8.317545556724190159e-02
1.014221269304137057e-01
9.656951988091065642e-02
8.476016675826701652e-02
9.018605181864250420e-02
9.058845981741607545e-02
8.005375494867222885e-02
9.453586592283708123e-02
7.550637201444411473e-02
8.595288570255359140e-02
8.555415266551108511e-02
8.842176594931894229e-02
8.492790006039541151e-02
8.769379910446269133e-02
9.409423817950340885e-02
8.263880158946630694e-02
8.464884678064341084e-02
7.818682279230075582e-02
8.647917682830405517e-02
7.708570562417997596e-02
8.203494719195544849e-02
8.541902626719366509e-02
8.948881393302990372e-02
8.581772133223049270e-02
7.539642589773275227e-02
7.929784527697540664e-02
7.940534173631373649e-02
6.771859131580514057e-02
7.360610208378896846e-02
8.415607292973485698e-02
8.402359455596387916e-02
7.179842973410735518e-02
7.283662137143548376e-02
6.541515847968679132e-02
8.969965820265894674e-02
9.199822612447763892e-02
8.625861939702696157e-02
8.227229137610933551e-02
7.680287909161626070e-02
8.120165123014776165e-02
9.138055985529718039e-02
9.044276056824419874e-02
7.320727552819777939e-02
7.578797899242852021e-02
7.102641843431567459e-02
7.323545361712978374e-02
8.967608878851540677e-02
8.164654571959595319e-02
7.891565802721704770e-02
8.706518324681689069e-02
7.197701205990740536e-02
7.481139143419882065e-02
7.943146155300352673e-02
8.519431540120028790e-02
7.363471451888820019e-02
7.339714464325157450e-02
6.231045230612279606e-02
6.222222720618908465e-02
6.801058222395255093e-02
6.625460861072501872e-02
7.536202911036810059e-02
9.117981127444864387e-02
7.247167523911481057e-02
7.048793961512987705e-02
7.085260125585590707e-02
