1.702113978394440119e+00
8.977183399846155876e-01
6.321935383385668406e-01
4.845143063894162272e-01
4.548286541869553945e-01
3.799540289017993011e-01
3.640036804123470970e-01
3.268749092940965717e-01
3.010839237691834147e-01
2.672037495843445631e-01
2.800685019395314224e-01
2.688457411235301575e-01
2.528375638016101545e-01
2.125421224037806200e-01
2.773813925618823228e-01
2.501077170178501174e-01
2.365159583704856683e-01
2.267311272025496205e-01
2.137697271002171606e-01
2.244802757150803907e-01
2.036399241970502372e-01
2.095680924902424414e-01
1.794959594957678262e-01
2.026941403476394399e-01
2.053340581707986390e-01
1.960699794597005330e-01
1.840814008086130438e-01
1.860886459950739091e-01
1.871944001503288713e-01
1.671275896369237013e-01
1.815238376216924132e-01
1.851464085501437484e-01
1.666591358375375254e-01
1.654657332659371649e-01
1.589025832637435132e-01
1.582137254221379352e-01
1.706654076255896824e-01
1.875212742297299173e-01
1.601269983423086740e-01
1.611432616017069996e-01
1.770615637299488565e-01
1.640354577159596761e-01
1.502426520171187274e-01
1.645613813573557627e-01
1.436856832956174002e-01
1.423295284769883484e-01
1.472406352185238743e-01
1.435097389259220590e-01
1.479182006803648197e-01
1.433183871901807516e-01
1.455310779177934055e-01
1.459837207183874164e-01
1.472921075275856473e-01
1.540286895531268185e-01
1.263604311493969901e-01
1.398088806755226621e-01
1.324953063487949723e-01
1.430974148149996572e-01
1.242599558615256478e-01
1.226718573929482248e-01
1.273368869269985715e-01
1.547979196790935652e-01
1.195225805026287474e-01
1.255798988194914700e-01
1.249440289793918440e-01
1.322024991683504735e-01
1.269266803480489092e-01
1.152685032508137253e-01
1.350873208741542875e-01
1.251442292796552391e-01
1.275877301981205858e-01
1.340015908329830197e-01
1.279972556792411953e-01
1.247127712753252904e-01
1.277219275156167011e-01
1.194027278343758602e-01
1.169445823358975928e-01
1.167791172289924101e-01
1.062977871802847085e-01
1.098731863401493092e-01
1.114497796506000310e-01
1.160285496667624733e-01
9.194652280048709603e-02
1.179304918925875717e-01
1.126969579855674752e-01
1.150712312236217144e-01
1.175306805647010622e-01
1.278937039213405846e-01
1.230292556692337419e-01
1.174873783951434630e-01
1.115134160997640622e-01
1.146806966460056643e-01
1.068876539280538135e-01
1.218940360482544671e-01
1.102173317468017055e-01
1.136987424584644801e-01
1.156879848298573571e-01
1.056008987169884117e-01
1.011072888291669053e-01
1.295757903416253631e-01
