1.674960573597086722e+00
7.574392709229140763e-01
5.705500944345085479e-01
4.610894641816794537e-01
3.903613333178995171e-01
3.510869211171477877e-01
3.136151411319927917e-01
2.941356142249423877e-01
2.849344889885784826e-01
2.495059161257058566e-01
2.704002579503624881e-01
2.448693061644444113e-01
2.405887679257150136e-01
2.172409218165169964e-01
2.172264206239628015e-01
2.124720345449095105e-01
2.271054850898023003e-01
2.016728884975115821e-01
1.928313473489252083e-01
1.863451668670825512e-01
1.878269111465439845e-01
1.780950848083389104e-01
1.825823416940984267e-01
1.790739996167733938e-01
1.678551423264461606e-01
1.732061686887499119e-01
1.649399830996104988e-01
1.626682621736810774e-01
1.580522130922084600e-01
1.533026776018410753e-01
1.495057574690549229e-01
1.426813773486389492e-01
1.529505557484359679e-01
1.483440907142586640e-01
1.449213454161558945e-01
1.427547591415068429e-01
1.355332909788197482e-01
1.367068530253527647e-01
1.339169372023238658e-01
1.327812572845132322e-01
1.422771646513851518e-01
1.430596763797908899e-01
1.436724977728026653e-01
1.353564008978916378e-01
1.340005281968320583e-01
1.370592528601861648e-01
1.377647444892193818e-01
1.170813713066551631e-01
1.224254659484540764e-01
1.121129553092401476e-01
1.270630627432848825e-01
1.197319103861433920e-01
1.210281754572461177e-01
1.083841904688732372e-01
1.148351032531960553e-01
1.220222309462435373e-01
1.072880279511336382e-01
1.092563767604839142e-01
1.118656140393489568e-01
1.028631770166544557e-01
1.146244120301284503e-01
1.020296121290721336e-01
1.058540151075925417e-01
1.154721264560864685e-01
9.839337079607683723e-02
1.023861069679701807e-01
1.051943193918532388e-01
1.176462840051340358e-01
1.113287170110546231e-01
1.063385132609539624e-01
1.041632497852814920e-01
1.009434046911099891e-01
9.978544501508659903e-02
1.097197074118086979e-01
1.030104795153851394e-01
1.076100243148740976e-01
1.052693212078332358e-01
1.024880143965700291e-01
1.008872870104813857e-01
1.061170968494597189e-01
9.778966088080302821e-02
9.757493071921498340e-02
1.023381759792926504e-01
1.020264517050880615e-01
9.022282934970408952e-02
9.025130357796881664e-02
1.072873283095854002e-01
8.657315627361786281e-02
9.745357420197517384e-02
9.250596352670240052e-02
1.014402771419938287e-01
8.556445181139106515e-02
1.024905938971570202e-01
9.858385189766982748e-02
1.068953335829640194e-01
1.095437372362617345e-01
8.539925296578063096e-02
9.540826686945963475e-02
8.601270918363319862e-02
8.699681577599238658e-02
