1.848539305643903008e+00
9.531339448110925927e-01
6.777289257322748339e-01
5.216282063660521162e-01
4.418910072200621375e-01
4.023114501064021797e-01
3.609019654180156134e-01
3.271972079558811974e-01
3.056403013983421957e-01
2.880086946770703538e-01
2.711186742878219924e-01
2.514987469112384133e-01
2.465782872806275283e-01
2.283022610796754115e-01
2.242048242326928065e-01
2.270023081857814595e-01
2.077078179075881881e-01
2.105141453366053683e-01
1.916392512739033549e-01
2.088761806724384607e-01
1.987554833087571693e-01
1.851564975464064788e-01
1.852472331376789350e-01
1.835749717405217585e-01
1.774262189178693050e-01
1.782936625445371570e-01
1.553089148957193799e-01
1.712721285891570522e-01
1.698171390899265720e-01
1.622981183004621464e-01
1.613119772404102981e-01
1.579074339338122912e-01
1.464051526984697649e-01
1.622006197376952841e-01
1.568089380280131562e-01
1.468435888458555494e-01
1.505291640208088200e-01
1.445027236300454043e-01
1.453229890082314291e-01
1.508017797617780265e-01
1.310897197416116267e-01
1.473397920676229877e-01
1.309281988117836915e-01
1.344794863939279272e-01
1.383676718006150996e-01
1.253907886558552898e-01
1.305795501942294823e-01
1.319921654831200108e-01
1.222741207881387487e-01
1.327113721831816862e-01
1.221419902537320412e-01
1.142567289639906947e-01
1.182149067461529951e-01
1.234818632813468459e-01
1.194167040930036450e-01
1.279049884339321097e-01
1.185589927398437299e-01
1.175663498198641493e-01
1.167114451744338949e-01
1.167004997512098435e-01
1.157430429578987646e-01
1.133518196232857073e-01
1.122351123830806763e-01
1.133793135362706900e-01
1.174379439585231805e-01
1.111027643135915899e-01
1.106002684485956067e-01
1.050433418370553124e-01
1.103791570271574485e-01
1.053684258857218031e-01
1.101670765401335933e-01
1.147810282730860471e-01
1.000750719667102273e-01
1.029526553727004440e-01
1.129450777236509357e-01
1.044269714886395528e-01
1.085571939810071884e-01
9.920511581960260450e-02
1.029771255430563803e-01
1.059887375308884300e-01
1.016514776964600741e-01
9.805631497293043619e-02
9.493705940401406251e-02
9.279395778734836342e-02
9.969769435381202471e-02
1.042832128085654925e-01
1.072187794383052950e-01
9.350892298488638898e-02
9.127716780274340580e-02
9.023848496881801962e-02
1.013181396298516584e-01
8.549362448238770340e-02
9.180051809377445804e-02
1.007898016478984415e-01
9.180054922220208524e-02
9.278392412516581200e-02
8.516365296238405380e-02
9.828435283202958950e-02
9.256562582025124053e-02
9.631045162596953146e-02
