1.169999980926513672e+01
2.113999938964843750e+01
2.918000030517578125e+01
2.720999908447265625e+01
3.472000122070312500e+01
3.720000076293945312e+01
3.872999954223632812e+01
4.038999938964843750e+01
4.041999816894531250e+01
4.195000076293945312e+01
4.118000030517578125e+01
4.250000000000000000e+01
4.433000183105468750e+01
4.299000167846679688e+01
4.459999847412109375e+01
4.552999877929687500e+01
4.559999847412109375e+01
4.534999847412109375e+01
4.534999847412109375e+01
4.243000030517578125e+01
4.577999877929687500e+01
4.472000122070312500e+01
4.502999877929687500e+01
4.608000183105468750e+01
4.659000015258789062e+01
4.577999877929687500e+01
4.563000106811523438e+01
4.790999984741210938e+01
4.868999862670898438e+01
4.470999908447265625e+01
4.704000091552734375e+01
4.793999862670898438e+01
4.706999969482421875e+01
4.709999847412109375e+01
4.768999862670898438e+01
4.756000137329101562e+01
4.809999847412109375e+01
4.647000122070312500e+01
4.475000000000000000e+01
4.688999938964843750e+01
4.847999954223632812e+01
4.847999954223632812e+01
4.784999847412109375e+01
4.770999908447265625e+01
4.620000076293945312e+01
4.775999832153320312e+01
4.852999877929687500e+01
4.800999832153320312e+01
4.850000000000000000e+01
4.641999816894531250e+01
4.843000030517578125e+01
4.861000061035156250e+01
4.852999877929687500e+01
4.831000137329101562e+01
4.663000106811523438e+01
4.768999862670898438e+01
4.849000167846679688e+01
4.740000152587890625e+01
4.775999832153320312e+01
4.802999877929687500e+01
4.852000045776367188e+01
4.847000122070312500e+01
4.602000045776367188e+01
4.802999877929687500e+01
4.761000061035156250e+01
4.700000000000000000e+01
4.593000030517578125e+01
4.593000030517578125e+01
4.722999954223632812e+01
4.829000091552734375e+01
4.763000106811523438e+01
4.595000076293945312e+01
4.729999923706054688e+01
4.749000167846679688e+01
4.895999908447265625e+01
4.888000106811523438e+01
4.806999969482421875e+01
4.641999816894531250e+01
4.536000061035156250e+01
4.720999908447265625e+01
4.618999862670898438e+01
4.825000000000000000e+01
4.825000000000000000e+01
4.691999816894531250e+01
4.768000030517578125e+01
4.808000183105468750e+01
4.850000000000000000e+01
4.883000183105468750e+01
4.774000167846679688e+01
4.865000152587890625e+01
4.816999816894531250e+01
4.825999832153320312e+01
4.859000015258789062e+01
4.629000091552734375e+01
4.729000091552734375e+01
4.774000167846679688e+01
4.747000122070312500e+01
4.829000091552734375e+01
4.829000091552734375e+01
4.750000000000000000e+01
4.661999893188476562e+01
4.663000106811523438e+01
4.672000122070312500e+01
4.861000061035156250e+01
4.756999969482421875e+01
4.847000122070312500e+01
4.911000061035156250e+01
4.943999862670898438e+01
4.911999893188476562e+01
4.602000045776367188e+01
4.620999908447265625e+01
4.568000030517578125e+01
4.800000000000000000e+01
4.772000122070312500e+01
4.777999877929687500e+01
4.804000091552734375e+01
4.618999862670898438e+01
4.799000167846679688e+01
4.849000167846679688e+01
4.847000122070312500e+01
4.800000000000000000e+01
4.806000137329101562e+01
4.833000183105468750e+01
4.829000091552734375e+01
4.836000061035156250e+01
4.779999923706054688e+01
4.850999832153320312e+01
4.886999893188476562e+01
4.529999923706054688e+01
4.711999893188476562e+01
4.693999862670898438e+01
4.702999877929687500e+01
4.875999832153320312e+01
4.650999832153320312e+01
4.795000076293945312e+01
4.793999862670898438e+01
4.793999862670898438e+01
4.879999923706054688e+01
4.904000091552734375e+01
4.904000091552734375e+01
4.904000091552734375e+01
4.752000045776367188e+01
4.890999984741210938e+01
4.727999877929687500e+01
4.865000152587890625e+01
4.790999984741210938e+01
4.790999984741210938e+01
4.690999984741210938e+01
4.793000030517578125e+01
4.768000030517578125e+01
4.808000183105468750e+01
4.833000183105468750e+01
4.786000061035156250e+01
4.759999847412109375e+01
4.822000122070312500e+01
4.834000015258789062e+01
4.834000015258789062e+01
4.815999984741210938e+01
4.747999954223632812e+01
4.784999847412109375e+01
4.784999847412109375e+01
4.722999954223632812e+01
4.758000183105468750e+01
4.718000030517578125e+01
4.854000091552734375e+01
4.756000137329101562e+01
4.850000000000000000e+01
4.836000061035156250e+01
4.838000106811523438e+01
4.804000091552734375e+01
4.804000091552734375e+01
4.706000137329101562e+01
4.856999969482421875e+01
4.845999908447265625e+01
4.883000183105468750e+01
4.772000122070312500e+01
4.809000015258789062e+01
4.854000091552734375e+01
4.829999923706054688e+01
4.829999923706054688e+01
4.845999908447265625e+01
4.820999908447265625e+01
4.827999877929687500e+01
4.713999938964843750e+01
4.777000045776367188e+01
4.856000137329101562e+01
4.856000137329101562e+01
4.754999923706054688e+01
4.763000106811523438e+01
4.900999832153320312e+01
4.850999832153320312e+01
4.779999923706054688e+01
4.766999816894531250e+01
4.574000167846679688e+01
4.745999908447265625e+01
4.747999954223632812e+01
4.729000091552734375e+01
4.747000122070312500e+01
4.818999862670898438e+01
4.847999954223632812e+01
