1.264999961853027344e+01
1.000000000000000000e+01
1.690999984741210938e+01
2.731999969482421875e+01
3.070000076293945312e+01
3.470000076293945312e+01
3.779999923706054688e+01
3.990999984741210938e+01
4.068000030517578125e+01
4.284000015258789062e+01
4.418000030517578125e+01
4.579999923706054688e+01
4.654000091552734375e+01
4.793000030517578125e+01
4.802000045776367188e+01
4.820000076293945312e+01
4.820999908447265625e+01
4.863999938964843750e+01
4.859999847412109375e+01
4.922999954223632812e+01
4.925999832153320312e+01
4.945000076293945312e+01
4.929000091552734375e+01
5.009999847412109375e+01
5.002999877929687500e+01
4.983000183105468750e+01
4.940000152587890625e+01
5.049000167846679688e+01
5.038999938964843750e+01
5.015000152587890625e+01
5.009000015258789062e+01
5.070000076293945312e+01
5.022000122070312500e+01
5.029999923706054688e+01
5.097999954223632812e+01
5.004000091552734375e+01
5.034000015258789062e+01
5.156000137329101562e+01
5.141999816894531250e+01
5.118000030517578125e+01
5.145999908447265625e+01
5.154000091552734375e+01
5.156999969482421875e+01
5.188999938964843750e+01
5.213999938964843750e+01
5.231000137329101562e+01
5.211999893188476562e+01
5.209000015258789062e+01
5.197000122070312500e+01
5.175999832153320312e+01
5.247999954223632812e+01
5.213000106811523438e+01
5.243000030517578125e+01
5.213999938964843750e+01
5.263999938964843750e+01
5.197000122070312500e+01
5.245000076293945312e+01
5.266999816894531250e+01
5.288999938964843750e+01
5.281999969482421875e+01
5.297999954223632812e+01
5.311999893188476562e+01
5.327000045776367188e+01
5.272000122070312500e+01
5.306000137329101562e+01
5.290999984741210938e+01
5.347999954223632812e+01
5.322999954223632812e+01
5.304999923706054688e+01
5.316999816894531250e+01
5.359999847412109375e+01
5.352000045776367188e+01
5.288000106811523438e+01
5.338999938964843750e+01
5.349000167846679688e+01
5.334000015258789062e+01
5.372000122070312500e+01
5.340999984741210938e+01
5.349000167846679688e+01
5.375999832153320312e+01
5.397999954223632812e+01
5.363000106811523438e+01
5.397000122070312500e+01
5.404000091552734375e+01
5.390999984741210938e+01
5.361000061035156250e+01
5.379000091552734375e+01
5.383000183105468750e+01
5.386000061035156250e+01
5.438999938964843750e+01
5.361000061035156250e+01
5.404999923706054688e+01
5.409000015258789062e+01
5.445999908447265625e+01
5.459999847412109375e+01
5.465000152587890625e+01
5.429000091552734375e+01
5.406000137329101562e+01
5.391999816894531250e+01
5.413000106811523438e+01
5.440000152587890625e+01
5.411000061035156250e+01
5.416999816894531250e+01
5.468999862670898438e+01
5.450000000000000000e+01
5.463000106811523438e+01
5.429000091552734375e+01
5.449000167846679688e+01
5.400000000000000000e+01
5.429000091552734375e+01
5.438000106811523438e+01
5.381000137329101562e+01
5.427999877929687500e+01
5.447000122070312500e+01
5.452000045776367188e+01
5.458000183105468750e+01
5.425000000000000000e+01
5.441999816894531250e+01
5.429999923706054688e+01
5.383000183105468750e+01
5.461000061035156250e+01
5.468000030517578125e+01
5.479000091552734375e+01
5.440000152587890625e+01
5.470000076293945312e+01
5.424000167846679688e+01
5.500000000000000000e+01
5.450000000000000000e+01
5.438000106811523438e+01
5.475999832153320312e+01
5.481999969482421875e+01
5.497999954223632812e+01
5.504999923706054688e+01
5.466999816894531250e+01
5.479000091552734375e+01
5.468999862670898438e+01
5.470999908447265625e+01
5.518000030517578125e+01
5.445000076293945312e+01
5.454999923706054688e+01
5.481000137329101562e+01
5.454999923706054688e+01
5.508000183105468750e+01
5.459999847412109375e+01
5.384000015258789062e+01
5.475000000000000000e+01
5.441999816894531250e+01
5.475999832153320312e+01
5.488999938964843750e+01
5.477000045776367188e+01
5.468000030517578125e+01
5.458000183105468750e+01
5.475000000000000000e+01
5.502000045776367188e+01
5.531000137329101562e+01
5.483000183105468750e+01
5.468000030517578125e+01
5.474000167846679688e+01
5.504999923706054688e+01
5.513999938964843750e+01
5.522999954223632812e+01
5.527000045776367188e+01
5.515000152587890625e+01
5.536000061035156250e+01
5.538000106811523438e+01
5.547999954223632812e+01
5.552000045776367188e+01
5.531999969482421875e+01
5.463000106811523438e+01
5.515999984741210938e+01
5.536999893188476562e+01
5.545999908447265625e+01
5.540000152587890625e+01
5.518000030517578125e+01
5.479999923706054688e+01
5.481999969482421875e+01
5.475000000000000000e+01
5.463999938964843750e+01
5.479000091552734375e+01
5.502000045776367188e+01
5.550999832153320312e+01
5.531999969482421875e+01
5.484999847412109375e+01
5.490999984741210938e+01
5.545999908447265625e+01
5.543000030517578125e+01
5.556000137329101562e+01
5.572000122070312500e+01
5.536000061035156250e+01
5.581000137329101562e+01
5.545999908447265625e+01
5.504000091552734375e+01
5.500999832153320312e+01
5.500999832153320312e+01
5.495999908447265625e+01
5.513000106811523438e+01
5.538000106811523438e+01
5.479999923706054688e+01
5.488000106811523438e+01
5.481999969482421875e+01
