0.000000000000000000e+00
2.298571990966796985e+00
2.232305182933807419e+00
2.081269473075866738e+00
1.985904911518096894e+00
1.811987884759902911e+00
1.758389525890350358e+00
1.681187328815460402e+00
1.585306150317192131e+00
1.513002981543540848e+00
1.446249274333317958e+00
1.327904545704523764e+00
1.323216507554054067e+00
1.143014979720115676e+00
1.215484232246875962e+00
1.079728180617093969e+00
1.017994606018066461e+00
9.214501088261604078e-01
1.053403004765510520e+00
7.894068050049245500e-01
7.448459219063320313e-01
2.837331184558570252e-01
9.151089126666386298e-01
6.148362665806587080e-01
8.615980342924596247e-01
9.184641163647174755e-01
9.104276755551495848e-01
4.985948883276432042e-01
6.379516460131854361e-01
7.252079678426185394e-01
5.490976792350410474e-01
5.490976792350410474e-01
7.130774549245832983e-01
5.886652768775820777e-01
4.393113144282251303e-01
7.007841333374381643e-01
2.638855291530490393e-02
6.115878672078252087e-01
3.098566945164153985e-01
5.520518637324373090e-01
1.931124518653377919e-01
5.602347981017082867e-01
5.010570317357778691e-01
5.668473826255648884e-01
2.144559097834862760e-01
4.957205647830851269e-01
4.536686681651820874e-01
5.558666934710927432e-01
5.558666934710927432e-01
3.533026391332969030e-01
3.297653843675119045e-01
3.062582239337885981e-01
2.636849630144424972e-01
3.270867538019083254e-01
2.494967639643582424e-01
4.470859959013759877e-01
4.470859959013759877e-01
3.503513557137921675e-01
4.852015989907085824e-01
1.620143324241507532e-01
2.397447161953896178e-01
3.756179399271495356e-01
3.590923795290291709e-01
3.448193759056739083e-01
1.116135465344414018e-01
4.347545837163924176e-01
2.740754830581136336e-01
3.947140933014453013e-01
3.809343475867063011e-01
1.732274102692026307e-01
3.844323092205449988e-01
2.280339320637285727e-01
3.095867899693548475e-01
1.762646546161267813e-01
2.238865305716171705e-01
4.615627110401789301e-01
4.615627110401789301e-01
1.765744953000296935e-01
2.620055561440530756e-01
2.153142729053273974e-01
2.268972744674538078e-01
1.623921921015717140e-01
7.931311104539781609e-02
2.446038177999822760e-01
1.469539250959060461e-01
2.589710038684618909e-01
1.660218006458599183e-01
1.001355864717625027e-01
2.139826542255468533e-01
1.496017691409215200e-01
6.866961010568775614e-02
2.511400695135816985e-01
2.042403962539974249e-01
1.154402651189826434e-01
5.010968218542014713e-02
5.010968218542014713e-02
6.352148708569195501e-02
1.870362715691444577e-01
1.555646033021621522e-01
4.420516992474440299e-01
9.926189741236157715e-02
1.456421645057853209e-01
2.844238113212049779e-01
2.536963145104237372e-01
1.916302476324296400e-01
1.747478361153043669e-01
3.030040794328088261e-01
1.327702593047637714e-01
8.203787199407816533e-02
4.085976239992306080e-02
1.210034824482863619e-01
2.801471328100190172e-01
9.600176106463187420e-02
1.034657088471576808e-01
9.080319759073125774e-02
4.176776296785100762e-02
2.506649278475670539e-01
1.423412583512254082e-01
9.925641241605627496e-02
1.726298234298592194e-01
8.228659477139201039e-02
4.006125177598248571e-02
1.055572282948996909e-01
1.701049574126955316e-02
8.583097820011120760e-02
1.314837331607704995e-01
2.647652772841975199e-01
2.129993235889123537e-01
2.870191702846593418e-01
7.696921288484008528e-02
7.696921288484008528e-02
1.520396245133597279e-01
1.470131677430472350e-01
3.451757078734226519e-02
3.451757078734226519e-02
2.951435743016190758e-03
1.554427103840862467e-01
1.046132975725922593e-01
5.373897328437305526e-02
3.544187136771505958e-02
5.484376189388179279e-02
1.006430894748967519e-01
6.117413309012773026e-02
9.819782874840311815e-02
6.286551978881470271e-02
1.222855199826493461e-01
1.146231513654347445e-01
6.752330179989803061e-02
1.230304709733318347e-01
4.465892478994404335e-02
2.606848252672934740e-01
1.041942472471855535e-01
1.719302246769268960e-01
7.102692522644064865e-02
1.097805121521378130e-01
9.866070466482780577e-02
1.101963210986384029e-01
1.609481746525270873e-01
1.087213204175544318e-01
1.318495294801347584e-01
2.944983778080980177e-02
1.270784604714863264e-01
5.003125225461554221e-02
6.291483777278336631e-02
8.116839141319116824e-02
3.847621967589366643e-02
3.734932899105479487e-02
8.222364821098746002e-02
9.058688360757999325e-02
1.706338172739488290e-01
6.185787026993541660e-02
7.125287813891191535e-02
9.737230325843848622e-02
7.432819050921535275e-02
6.154345127158254020e-02
1.635975004259186127e-01
6.299687356872017696e-02
2.969081029214430331e-02
4.675040500587783476e-02
4.675040500587783476e-02
1.969872566141421255e-01
8.620804076921195769e-02
5.452018869912717697e-02
3.037154646599082852e-02
1.505118975679070048e-01
2.303230533058134299e-02
3.825412646291079244e-02
3.776918716725777975e-02
3.045951889384888173e-02
8.185949515873654214e-02
8.185949515873654214e-02
1.109454195731814224e-01
6.716198006020084044e-02
3.463747362975846261e-02
2.401250101576442655e-02
1.939676940293429408e-01
1.422024061859992750e-01
7.269134749745717605e-02
1.130766803449368835e-01
1.203265737241308864e-01
