2.303035791397094467e+00
2.293627830696105985e+00
2.269080728848775319e+00
2.115708849525451463e+00
1.980093118429183896e+00
1.878181499787739517e+00
1.760478900671005320e+00
1.642458292365073902e+00
1.576760340356826662e+00
1.504942583560943570e+00
1.429917268964979282e+00
1.338503363847732164e+00
1.297244473406246712e+00
1.229526001387172052e+00
1.157848419851727151e+00
1.095360532469219494e+00
1.008470769163634762e+00
1.016958818462159853e+00
8.826616657339035887e-01
8.880522600528266697e-01
8.264561728484929315e-01
8.519329571608040830e-01
7.944294662889506142e-01
7.441375227118177671e-01
7.126824742656199252e-01
7.208319196021184538e-01
6.540203933496441246e-01
7.397428838290274200e-01
6.356322106221424795e-01
6.722405929983490402e-01
5.735510335797444625e-01
5.988843123084968134e-01
6.388307600400100483e-01
6.591019566683098407e-01
6.032551901688177898e-01
5.597774431060533740e-01
5.915067131796645228e-01
5.459015796820169131e-01
5.744330496378243778e-01
5.840105711374431463e-01
5.633939173366874220e-01
5.117372549658641967e-01
5.560540452282876078e-01
4.994623455231078646e-01
5.468183477982465623e-01
5.529677356190979554e-01
4.802759873734321339e-01
5.024573963156900858e-01
4.944843243027571278e-01
4.594864226038567478e-01
4.644863351090810499e-01
4.812124092470855818e-01
4.555331178422395433e-01
4.885247359558008706e-01
3.932665466044822922e-01
4.994895305463245561e-01
4.697542446658222182e-01
4.492870884867798953e-01
4.629163952562957429e-01
5.036863085670395535e-01
5.297372564188100874e-01
4.595178375846395991e-01
3.966960039573411145e-01
5.067628414342180143e-01
4.955566029718145304e-01
4.391452429200522478e-01
4.012290675274821083e-01
3.930889763693324879e-01
4.169720047877304436e-01
4.666962332407840752e-01
4.762661718131043220e-01
4.297398309436626929e-01
4.681892391762229044e-01
4.152827113646082036e-01
4.452881741350414035e-01
3.869271195857318935e-01
3.966949405213818780e-01
3.965383970017545279e-01
3.997287678651304521e-01
3.767838026627432502e-01
4.300840242193597618e-01
4.118702562732828309e-01
4.217576918217043058e-01
3.798223289983579942e-01
4.199985920200123846e-01
3.654161239745560841e-01
4.064689809813031851e-01
3.932496256331447504e-01
3.509883951382071765e-01
3.517803578654614127e-01
4.209017315354430799e-01
3.837571020784994458e-01
3.280407885604538221e-01
3.621780382124241693e-01
4.329405302689928181e-01
3.793709865839013373e-01
3.713746032823239118e-01
3.370787588303081339e-01
3.849832629951648322e-01
3.548117156504304037e-01
4.227751377240444586e-01
3.585718935665209162e-01
3.804059660577914226e-01
3.970637883853167516e-01
3.224226867795389473e-01
3.434491385511123096e-01
3.700827082704752913e-01
3.004227242597844461e-01
3.219537036992609069e-01
3.502078090522231513e-01
3.413546513218898015e-01
3.707584279803559646e-01
3.164048030505655640e-01
3.777283974053959326e-01
3.464498486068203209e-01
2.846692913442384620e-01
3.300482313524828459e-01
3.232023420087061227e-01
3.615337494535940666e-01
3.163704689123135738e-01
3.334793321152683676e-01
3.482744353604037002e-01
2.999767299266531961e-01
3.509231285297311209e-01
3.007753196657169670e-01
3.011276197076775407e-01
2.668182974929869666e-01
3.079698879305006742e-01
3.292946333340950882e-01
3.448553574329241700e-01
3.186532885172249085e-01
2.925208606854546867e-01
2.984254683475527914e-01
3.571967442693291805e-01
3.217270413570106347e-01
3.372563736721769789e-01
2.776759820088951503e-01
3.395623331659939348e-01
3.190302554317749895e-01
2.627077415936315830e-01
3.298979321497803041e-01
2.998973460379988354e-01
3.217603237336501554e-01
3.294306434907225967e-01
2.896011024221079033e-01
2.860378552393522122e-01
2.447759250658305408e-01
3.271639856217661846e-01
3.026019826888417530e-01
2.836700958927782512e-01
3.553784742681826980e-01
2.801471438124717439e-01
2.417344782841741035e-01
3.558933795880060424e-01
2.755156956288497550e-01
2.777356897115009216e-01
2.995184360929351586e-01
2.649406808576185157e-01
2.957993784159576589e-01
2.921293647996149878e-01
2.811658090426499279e-01
3.303764360568279823e-01
2.694444400321226452e-01
3.263593650521943723e-01
3.205982874293112905e-01
2.978748204258270804e-01
2.713870689893503330e-01
2.599279110694511230e-01
3.156863489445763671e-01
2.475469586584561899e-01
2.997392093242612354e-01
2.489576663749176189e-01
2.599157146209850611e-01
2.262799906792118954e-01
2.904261775792110756e-01
2.863238116673504363e-01
3.074135981894214886e-01
2.640502845769903129e-01
2.582348840797268341e-01
2.635761983807379805e-01
2.996358988693811898e-01
3.086648175379054226e-01
2.632139994813362249e-01
2.712727171546430172e-01
2.915620681419968663e-01
2.644400013311533071e-01
2.840690717052668512e-01
2.526805909145041218e-01
2.799404214712325478e-01
2.370679445818066888e-01
2.721512882677837863e-01
2.248575052578817013e-01
2.839985644221887928e-01
2.245344585626735112e-01
2.180368987498287892e-01
2.580472330429125494e-01
2.930702100955466793e-01
2.569797960894906197e-01
2.829823848257365104e-01
2.868361379588023063e-01
