2.120000076293945312e+01
6.061999893188476562e+01
8.056999969482421875e+01
8.459999847412109375e+01
8.629000091552734375e+01
9.269000244140625000e+01
9.183999633789062500e+01
9.201999664306640625e+01
9.440000152587890625e+01
9.497000122070312500e+01
9.418000030517578125e+01
9.362999725341796875e+01
9.094999694824218750e+01
9.426999664306640625e+01
9.504000091552734375e+01
9.562000274658203125e+01
9.380999755859375000e+01
9.501000213623046875e+01
9.580999755859375000e+01
9.444000244140625000e+01
9.593000030517578125e+01
9.580999755859375000e+01
9.654000091552734375e+01
9.552999877929687500e+01
9.627999877929687500e+01
9.616000366210937500e+01
9.601000213623046875e+01
9.591999816894531250e+01
9.611000061035156250e+01
9.537000274658203125e+01
9.580999755859375000e+01
9.601000213623046875e+01
9.581999969482421875e+01
9.570999908447265625e+01
9.616999816894531250e+01
9.687000274658203125e+01
9.634999847412109375e+01
9.588999938964843750e+01
9.683000183105468750e+01
9.687999725341796875e+01
9.711000061035156250e+01
9.620999908447265625e+01
9.705000305175781250e+01
9.691999816894531250e+01
9.652999877929687500e+01
9.652999877929687500e+01
9.726000213623046875e+01
9.731999969482421875e+01
9.708999633789062500e+01
9.740000152587890625e+01
9.733000183105468750e+01
9.741999816894531250e+01
9.756999969482421875e+01
9.725000000000000000e+01
9.727999877929687500e+01
9.741999816894531250e+01
9.733999633789062500e+01
9.711000061035156250e+01
9.704000091552734375e+01
9.738999938964843750e+01
9.676999664306640625e+01
9.741999816894531250e+01
9.662000274658203125e+01
9.762999725341796875e+01
9.761000061035156250e+01
9.737999725341796875e+01
9.733000183105468750e+01
9.719000244140625000e+01
9.748999786376953125e+01
9.763999938964843750e+01
9.754000091552734375e+01
9.755999755859375000e+01
9.695999908447265625e+01
9.733000183105468750e+01
9.762000274658203125e+01
9.766000366210937500e+01
9.780000305175781250e+01
9.752999877929687500e+01
9.769000244140625000e+01
9.763999938964843750e+01
9.751000213623046875e+01
9.770999908447265625e+01
9.780999755859375000e+01
9.780000305175781250e+01
9.773999786376953125e+01
9.715000152587890625e+01
9.713999938964843750e+01
9.723000335693359375e+01
9.775000000000000000e+01
9.765000152587890625e+01
9.769000244140625000e+01
9.775000000000000000e+01
9.787999725341796875e+01
9.791000366210937500e+01
9.781999969482421875e+01
9.786000061035156250e+01
9.738999938964843750e+01
9.780999755859375000e+01
9.711000061035156250e+01
9.731999969482421875e+01
