1.970000076293945312e+01
6.797000122070312500e+01
7.305000305175781250e+01
7.962999725341796875e+01
8.013999938964843750e+01
8.544999694824218750e+01
8.812999725341796875e+01
8.641999816894531250e+01
8.983999633789062500e+01
9.030999755859375000e+01
8.948000335693359375e+01
9.055000305175781250e+01
9.018000030517578125e+01
8.926000213623046875e+01
9.163999938964843750e+01
9.286000061035156250e+01
9.305999755859375000e+01
9.433000183105468750e+01
9.365000152587890625e+01
9.488999938964843750e+01
9.358999633789062500e+01
9.495999908447265625e+01
9.429000091552734375e+01
9.520999908447265625e+01
9.554000091552734375e+01
9.515000152587890625e+01
9.579000091552734375e+01
9.611000061035156250e+01
9.548000335693359375e+01
9.543000030517578125e+01
9.619000244140625000e+01
9.555999755859375000e+01
9.583000183105468750e+01
9.569999694824218750e+01
9.616000366210937500e+01
9.576999664306640625e+01
9.627999877929687500e+01
9.594000244140625000e+01
9.650000000000000000e+01
9.655999755859375000e+01
9.684999847412109375e+01
9.680999755859375000e+01
9.656999969482421875e+01
9.634999847412109375e+01
9.688999938964843750e+01
9.690000152587890625e+01
9.701000213623046875e+01
9.663999938964843750e+01
9.701999664306640625e+01
9.706999969482421875e+01
9.708999633789062500e+01
9.708000183105468750e+01
9.716999816894531250e+01
9.702999877929687500e+01
9.701000213623046875e+01
9.711000061035156250e+01
9.694000244140625000e+01
9.712000274658203125e+01
9.709999847412109375e+01
9.719000244140625000e+01
9.731999969482421875e+01
9.733000183105468750e+01
9.734999847412109375e+01
9.715000152587890625e+01
9.730999755859375000e+01
9.744000244140625000e+01
9.737000274658203125e+01
9.745999908447265625e+01
9.725000000000000000e+01
9.734999847412109375e+01
9.733999633789062500e+01
9.752999877929687500e+01
9.734999847412109375e+01
9.758000183105468750e+01
9.737000274658203125e+01
9.766999816894531250e+01
9.761000061035156250e+01
9.754000091552734375e+01
9.747000122070312500e+01
9.756999969482421875e+01
9.772000122070312500e+01
9.762999725341796875e+01
9.772000122070312500e+01
9.752999877929687500e+01
9.755999755859375000e+01
9.758000183105468750e+01
9.762999725341796875e+01
9.779000091552734375e+01
9.759999847412109375e+01
9.794000244140625000e+01
9.777999877929687500e+01
9.762999725341796875e+01
9.763999938964843750e+01
9.780000305175781250e+01
9.783999633789062500e+01
9.768000030517578125e+01
9.766000366210937500e+01
9.781999969482421875e+01
9.783999633789062500e+01
9.762000274658203125e+01
