4.206000137329101562e+01
7.259999847412109375e+01
8.012999725341796875e+01
6.473999786376953125e+01
8.348000335693359375e+01
8.591999816894531250e+01
8.419000244140625000e+01
6.645999908447265625e+01
9.265000152587890625e+01
8.950000000000000000e+01
8.834999847412109375e+01
9.493000030517578125e+01
8.651999664306640625e+01
9.294000244140625000e+01
9.462000274658203125e+01
9.420999908447265625e+01
9.513999938964843750e+01
9.494000244140625000e+01
9.319999694824218750e+01
9.609999847412109375e+01
9.172000122070312500e+01
9.479000091552734375e+01
9.069000244140625000e+01
8.797000122070312500e+01
9.591999816894531250e+01
9.579000091552734375e+01
9.647000122070312500e+01
9.673999786376953125e+01
9.588999938964843750e+01
9.548000335693359375e+01
9.330999755859375000e+01
9.541000366210937500e+01
9.531999969482421875e+01
9.668000030517578125e+01
9.537000274658203125e+01
9.683999633789062500e+01
9.688999938964843750e+01
9.629000091552734375e+01
9.708000183105468750e+01
9.680999755859375000e+01
9.691999816894531250e+01
9.672000122070312500e+01
9.626000213623046875e+01
9.611000061035156250e+01
9.705000305175781250e+01
9.718000030517578125e+01
9.705000305175781250e+01
9.687000274658203125e+01
9.694000244140625000e+01
9.751000213623046875e+01
9.723000335693359375e+01
9.712000274658203125e+01
9.551999664306640625e+01
9.741000366210937500e+01
9.741000366210937500e+01
9.723000335693359375e+01
9.651000213623046875e+01
9.643000030517578125e+01
9.702999877929687500e+01
9.683999633789062500e+01
9.730000305175781250e+01
9.763999938964843750e+01
9.731999969482421875e+01
9.759999847412109375e+01
9.758999633789062500e+01
9.751999664306640625e+01
9.783000183105468750e+01
9.766000366210937500e+01
9.776000213623046875e+01
9.770999908447265625e+01
9.744999694824218750e+01
9.779000091552734375e+01
9.748000335693359375e+01
9.769999694824218750e+01
9.790000152587890625e+01
9.805999755859375000e+01
9.695999908447265625e+01
9.720999908447265625e+01
9.781999969482421875e+01
9.712999725341796875e+01
9.797000122070312500e+01
9.790000152587890625e+01
9.788999938964843750e+01
9.773000335693359375e+01
9.798000335693359375e+01
9.781999969482421875e+01
9.730999755859375000e+01
9.752999877929687500e+01
9.770999908447265625e+01
9.633999633789062500e+01
9.786000061035156250e+01
9.798999786376953125e+01
9.808000183105468750e+01
9.786000061035156250e+01
9.750000000000000000e+01
9.801000213623046875e+01
9.795999908447265625e+01
9.791000366210937500e+01
9.798000335693359375e+01
9.801000213623046875e+01
