6.261000061035156250e+01
6.375999832153320312e+01
7.581999969482421875e+01
8.348999786376953125e+01
8.537000274658203125e+01
8.495999908447265625e+01
8.975000000000000000e+01
8.993000030517578125e+01
9.247000122070312500e+01
9.148999786376953125e+01
9.237000274658203125e+01
9.306999969482421875e+01
9.279000091552734375e+01
9.290000152587890625e+01
9.262999725341796875e+01
9.513999938964843750e+01
9.515000152587890625e+01
9.509999847412109375e+01
9.462999725341796875e+01
9.470999908447265625e+01
9.483000183105468750e+01
9.530999755859375000e+01
9.494000244140625000e+01
9.506999969482421875e+01
9.619000244140625000e+01
9.566000366210937500e+01
9.598000335693359375e+01
9.616999816894531250e+01
9.629000091552734375e+01
9.655999755859375000e+01
9.648999786376953125e+01
9.594999694824218750e+01
9.626999664306640625e+01
9.651999664306640625e+01
9.655999755859375000e+01
9.591999816894531250e+01
9.676000213623046875e+01
9.675000000000000000e+01
9.676000213623046875e+01
9.658000183105468750e+01
9.708000183105468750e+01
9.701000213623046875e+01
9.751000213623046875e+01
9.726999664306640625e+01
9.733999633789062500e+01
9.698999786376953125e+01
9.730000305175781250e+01
9.740000152587890625e+01
9.729000091552734375e+01
9.737999725341796875e+01
9.730000305175781250e+01
9.741999816894531250e+01
9.733000183105468750e+01
9.741000366210937500e+01
9.713999938964843750e+01
9.715000152587890625e+01
9.734999847412109375e+01
9.731999969482421875e+01
9.748000335693359375e+01
9.741999816894531250e+01
9.759999847412109375e+01
9.748000335693359375e+01
9.748000335693359375e+01
9.748999786376953125e+01
9.766000366210937500e+01
9.758999633789062500e+01
9.801999664306640625e+01
9.797000122070312500e+01
9.775000000000000000e+01
9.775000000000000000e+01
9.780000305175781250e+01
9.755999755859375000e+01
9.766000366210937500e+01
9.776000213623046875e+01
9.793000030517578125e+01
9.765000152587890625e+01
9.779000091552734375e+01
9.747000122070312500e+01
9.780000305175781250e+01
9.780000305175781250e+01
9.765000152587890625e+01
9.763999938964843750e+01
9.768000030517578125e+01
9.773999786376953125e+01
9.800000000000000000e+01
9.776999664306640625e+01
9.773000335693359375e+01
9.808999633789062500e+01
9.783999633789062500e+01
9.787000274658203125e+01
9.791000366210937500e+01
9.783999633789062500e+01
9.780000305175781250e+01
9.800000000000000000e+01
9.768000030517578125e+01
9.795999908447265625e+01
9.773000335693359375e+01
9.794000244140625000e+01
9.787999725341796875e+01
9.790000152587890625e+01
