7.885622026205237889e-01
4.897068606404344493e-01
3.112696112756453415e-01
2.638686426912418836e-01
2.182168519148249275e-01
2.287098983850426870e-01
1.777060995375421837e-01
1.632976326003207634e-01
1.603144117137797753e-01
1.654522734943981999e-01
1.516079324517126403e-01
1.347144233701993155e-01
1.401121725427196818e-01
1.302331469159007660e-01
1.113554277040734591e-01
1.156016406132311658e-01
1.141845508422583283e-01
1.071096610217657924e-01
1.195350137123456363e-01
9.693043920914412581e-02
1.214288381898781799e-01
8.745185803889618525e-02
9.230801454001730244e-02
9.475454392192966813e-02
9.393209333237378944e-02
8.960967648960833920e-02
8.868066760324348763e-02
8.300584862475629544e-02
7.601973099304484838e-02
8.135585980160986441e-02
8.234520106017180485e-02
7.881762503910319517e-02
8.458165889624877365e-02
8.085537116945573644e-02
7.238544083396344919e-02
7.820462234968059145e-02
6.772489615603673185e-02
6.632989921389112475e-02
6.140610566961315214e-02
7.656084258847282997e-02
6.974550603857308795e-02
5.822421695013330761e-02
7.798125449942824861e-02
6.154286441106856381e-02
6.757399027881473563e-02
6.273866598580706000e-02
6.275406259863529346e-02
6.319002205375388870e-02
6.362167637973666079e-02
6.428415151039525155e-02
6.420581499809203951e-02
5.425221908219655942e-02
5.813478992190822259e-02
5.733180208450591731e-02
6.017260966814245299e-02
6.180008860561653217e-02
5.249055967372207032e-02
4.866903195199220877e-02
6.254931187517022428e-02
6.125662489343502298e-02
5.122144408703853402e-02
5.155406211509241943e-02
5.186426944872429834e-02
5.376403519987789370e-02
5.539574017317568100e-02
4.885802974773607865e-02
4.608914277143628946e-02
5.085721414715559108e-02
4.707904238980217121e-02
5.011763334693924987e-02
5.212779957857741758e-02
4.602202656308990170e-02
5.220447838479984337e-02
4.241255026099208930e-02
5.881738644873534677e-02
4.533116971379923948e-02
4.563551672662456704e-02
4.193363871346834915e-02
4.653922894565905299e-02
5.152052047128344303e-02
5.375396233922249273e-02
4.566650322182232852e-02
4.483167897822138565e-02
4.444274215585329590e-02
4.452992206159915589e-02
5.131863393830637943e-02
4.467165045717716443e-02
4.492653083960523874e-02
3.870325055438417206e-02
4.128479821910997077e-02
4.692907741614261996e-02
3.881315039952128870e-02
4.391740309644336093e-02
4.470861340317410643e-02
4.780257794906341701e-02
4.175227639694192167e-02
4.320963366420024071e-02
3.907855126963623998e-02
4.743250008492842090e-02
3.589092762700037131e-02
