6.794419194537167916e-01
4.217162162170875472e-01
3.111946030818052433e-01
3.048291310270595522e-01
2.586656421547045559e-01
2.260441211208571166e-01
2.098685447730536668e-01
1.950790951109450666e-01
1.811595149637189872e-01
1.684669176892747977e-01
1.235819328997773692e-01
1.727903325006618918e-01
1.007446263369800588e-01
1.451576938118725457e-01
1.408156475087675719e-01
1.178085471082917918e-01
1.248081159391554729e-01
1.111475853613835135e-01
9.589234950597752549e-02
1.211689769655288629e-01
1.331812741480593032e-01
1.078913387977221833e-01
1.139389964685709189e-01
7.374363744272501020e-02
1.169343482074565593e-01
1.123338492680035217e-01
1.160160763665478018e-01
1.168433050417516106e-01
9.844982115449293913e-02
1.086099036640644361e-01
9.900434260048646129e-02
8.805916660757269476e-02
9.184509509460893339e-02
8.414897607329262230e-02
1.025058786376342040e-01
8.181494803290458029e-02
7.796820697356973695e-02
6.431758023207138908e-02
8.126650061977881701e-02
6.208585365029184455e-02
7.479985902995199554e-02
7.324484840862094392e-02
1.038843238504439520e-01
8.835624540224717993e-02
7.625120266645647737e-02
8.696602552888116344e-02
7.143358942704362835e-02
7.313241588549264371e-02
7.995260670392709268e-02
7.433788114712994166e-02
7.825519588897120182e-02
6.916031294429281218e-02
4.787709088389716788e-02
8.528206897511789175e-02
7.646227865363482146e-02
7.523863497316941873e-02
6.551617415683673451e-02
6.379203178005908581e-02
6.598656061698353337e-02
7.753633900610286400e-02
5.915933790154926514e-02
8.469395582391170407e-02
6.710238916758089200e-02
7.893137888706827643e-02
6.166441613237572117e-02
7.005204746212133349e-02
6.986366938587892927e-02
6.139521804001522171e-02
5.983383506706143468e-02
6.191985010794479050e-02
6.816665986610780104e-02
6.180119036350868733e-02
6.734560458063935939e-02
6.065882635225777753e-02
6.066468400728027704e-02
6.457286252032655438e-02
7.203994939039887191e-02
6.510854829643342168e-02
5.846374040490686513e-02
4.547644023917946782e-02
6.734018562249841078e-02
6.873376674992270896e-02
6.790743565236953549e-02
4.677060206895080480e-02
6.809617643885723659e-02
6.483079911100775305e-02
5.658282360158627122e-02
6.005990741640528791e-02
5.507253599413174799e-02
6.200765199674755646e-02
5.328342664515319654e-02
5.931878485630739245e-02
6.572034817581649813e-02
5.408327050957041637e-02
3.848836292741188853e-02
5.331663056584962784e-02
5.688058053100610717e-02
5.872306780248683772e-02
5.936249426676396684e-02
5.264013900796643552e-02
