6.597373129301628003e-01
4.362113759223643639e-01
3.417982063009498694e-01
2.840233798027746448e-01
2.322965060615300725e-01
2.143590667309654696e-01
1.760214536931315743e-01
1.877143386726997931e-01
1.777252444398573772e-01
1.541196201974885938e-01
1.640540079422926623e-01
1.614176498506701418e-01
1.354663306246759735e-01
1.374480740169936877e-01
1.082750051597631130e-01
1.481402966422326883e-01
1.221579731086696874e-01
1.031298114550271289e-01
1.092421073935847947e-01
1.289977802821175024e-01
1.259033455321584560e-01
8.643208840702169826e-02
9.482701829479038558e-02
1.026204258072454106e-01
9.318119377608968801e-02
8.964714017538412405e-02
1.010621148801583019e-01
9.632991007809914297e-02
9.520994818308224639e-02
9.325289247337655019e-02
8.116646788807511947e-02
8.804664734286693495e-02
1.035898671308574381e-01
8.741863187291262771e-02
8.669600629527961233e-02
8.755678252520861238e-02
7.521289452035309631e-02
8.688347311441015075e-02
8.753756673405087285e-02
8.159357038530737349e-02
9.645399917256826383e-02
7.999803602082797283e-02
8.464332794785517367e-02
8.035419448657583896e-02
7.839102717997410708e-02
9.181499015953720200e-02
7.458163126520653274e-02
7.734720008441615946e-02
5.275056537724929356e-02
7.008933808589219716e-02
6.529040229124612182e-02
7.399465901099420984e-02
8.062303630221566431e-02
6.273430218773855260e-02
5.428082945549046051e-02
6.096695259161757224e-02
7.503123728304694762e-02
6.337936841825210499e-02
6.689176665444140912e-02
6.916201407283394109e-02
7.555672934270557528e-02
6.804912621370595716e-02
6.395930154243499588e-02
6.655066697206052373e-02
7.019585666987553096e-02
6.684543080721074004e-02
6.437226530120401802e-02
6.236083627057336515e-02
5.975824047107419074e-02
6.557257551831309483e-02
5.913129121669365856e-02
6.583566904318920165e-02
6.535645405738285674e-02
5.843121774422107423e-02
6.218172704466599227e-02
7.202864344203797897e-02
5.662022301896486864e-02
5.360638639320623039e-02
6.244474158178414669e-02
5.491727473464486781e-02
5.693485045766299296e-02
5.592325527026652948e-02
5.224080730897573410e-02
5.025536445958295878e-02
6.152931066569335139e-02
5.948868134976241506e-02
5.364760373483431349e-02
5.191833210918532504e-02
4.514028226031807645e-02
5.771958938299014130e-02
6.046827091682103333e-02
5.390067277072509155e-02
4.396978466551976911e-02
5.393997765375989351e-02
4.244055937294495540e-02
5.983547780777080660e-02
4.993426253697785117e-02
4.166559478312000658e-02
4.704160627775247350e-02
5.233627956709365620e-02
