7.846900115325418090e-01
5.021239840414817301e-01
3.433486402319808617e-01
2.775886175587088389e-01
2.443528616640708029e-01
2.090278595391696914e-01
1.688591267131520079e-01
1.892478685311725084e-01
1.460672893981485587e-01
1.561478671166859344e-01
1.602425138703519047e-01
1.353041553645752959e-01
1.384110489580799574e-01
1.061327204718449518e-01
1.206683651713236910e-01
1.345569229817051848e-01
1.009459739032153719e-01
1.101580303545403733e-01
1.009956300010711738e-01
1.182000012247031717e-01
8.845554935324319301e-02
1.011616738843656993e-01
8.780917426372454593e-02
9.467988101188370975e-02
9.279876230514655377e-02
9.265842552361687467e-02
9.385002289748557713e-02
8.540940306963692996e-02
7.246105008578837547e-02
7.012643365504073190e-02
8.448099653194202086e-02
9.177186227018127584e-02
8.602652704631419400e-02
8.574916125030931924e-02
8.088353815215154619e-02
6.534288116414102565e-02
7.384282332073485722e-02
7.639453243297890384e-02
7.341213793544158761e-02
7.373126759587415868e-02
7.799046519958091617e-02
6.820559144705747034e-02
7.145554421331218320e-02
7.026125882735045902e-02
8.176591774060421036e-02
6.772675227813000631e-02
7.289290608822020234e-02
6.911241862940506464e-02
7.104286178119809114e-02
8.936388387614707662e-02
6.971810235813116763e-02
6.564120431425463087e-02
6.672942380244779870e-02
6.470475503713346566e-02
6.385984430409322177e-02
6.089524936750821682e-02
5.704049166255757003e-02
5.738009368771583574e-02
6.057394232974031012e-02
5.981668281422799355e-02
5.311909540635502414e-02
5.187626818521728911e-02
6.440934543257903488e-02
6.202560613320116933e-02
5.627501229389093862e-02
5.635408672771102800e-02
6.009424802352499734e-02
5.931432350077074644e-02
5.837216978459123379e-02
6.037299128390614250e-02
5.176525718210649163e-02
5.941406132408794116e-02
5.510432464005619868e-02
4.624382325608770994e-02
6.190484911486952846e-02
5.506218053501674842e-02
5.449052058137662108e-02
5.073031857172953518e-02
4.697669714780247641e-02
5.900115666710867290e-02
4.997558353541656229e-02
5.292383890052348994e-02
4.589277097025994123e-02
4.767845730669179743e-02
5.269279515698428729e-02
4.680240264572280151e-02
5.178699197410314981e-02
5.967601301782157058e-02
5.792427855147931626e-02
5.048146725369423438e-02
6.216894073961509726e-02
4.946318274870839526e-02
5.264473387362448437e-02
5.298360307104692246e-02
4.832338253097543529e-02
4.435263002208987559e-02
4.905742874350788041e-02
5.004394779393646353e-02
5.200571794532452691e-02
5.051621822757364905e-02
