1.552000045776367188e+01
2.438999938964843750e+01
3.070999908447265625e+01
3.586999893188476562e+01
3.886000061035156250e+01
4.200000000000000000e+01
4.433000183105468750e+01
4.486000061035156250e+01
4.690000152587890625e+01
4.818000030517578125e+01
4.775999832153320312e+01
4.979000091552734375e+01
5.041999816894531250e+01
5.145000076293945312e+01
5.229000091552734375e+01
5.227999877929687500e+01
5.129000091552734375e+01
5.322999954223632812e+01
5.325000000000000000e+01
5.279999923706054688e+01
5.409000015258789062e+01
5.356000137329101562e+01
5.354000091552734375e+01
5.449000167846679688e+01
5.372999954223632812e+01
5.408000183105468750e+01
5.431000137329101562e+01
5.406000137329101562e+01
5.447000122070312500e+01
5.434999847412109375e+01
5.506000137329101562e+01
5.518000030517578125e+01
5.545000076293945312e+01
5.495999908447265625e+01
5.102999877929687500e+01
5.477999877929687500e+01
5.520999908447265625e+01
5.338000106811523438e+01
5.452999877929687500e+01
5.513999938964843750e+01
5.411000061035156250e+01
5.434999847412109375e+01
5.466999816894531250e+01
5.497999954223632812e+01
5.538000106811523438e+01
5.531999969482421875e+01
5.524000167846679688e+01
5.572000122070312500e+01
5.550999832153320312e+01
5.529000091552734375e+01
5.479999923706054688e+01
5.434000015258789062e+01
5.502000045776367188e+01
5.538000106811523438e+01
5.550000000000000000e+01
5.459999847412109375e+01
5.515000152587890625e+01
5.406000137329101562e+01
5.425000000000000000e+01
5.568999862670898438e+01
5.568000030517578125e+01
5.527000045776367188e+01
5.438999938964843750e+01
5.550999832153320312e+01
5.463999938964843750e+01
5.500999832153320312e+01
5.588000106811523438e+01
5.606999969482421875e+01
5.590999984741210938e+01
5.633000183105468750e+01
5.500000000000000000e+01
5.556999969482421875e+01
5.522999954223632812e+01
5.595999908447265625e+01
5.445999908447265625e+01
5.534999847412109375e+01
5.502999877929687500e+01
5.384999847412109375e+01
5.475000000000000000e+01
5.561999893188476562e+01
5.568000030517578125e+01
5.463999938964843750e+01
5.529000091552734375e+01
5.622000122070312500e+01
5.479000091552734375e+01
5.584000015258789062e+01
5.554000091552734375e+01
5.577000045776367188e+01
5.608000183105468750e+01
5.618999862670898438e+01
5.570999908447265625e+01
5.554000091552734375e+01
5.558000183105468750e+01
5.550999832153320312e+01
5.538000106811523438e+01
5.586000061035156250e+01
5.602000045776367188e+01
5.561999893188476562e+01
5.565999984741210938e+01
5.456000137329101562e+01
5.484999847412109375e+01
5.508000183105468750e+01
5.554999923706054688e+01
5.540000152587890625e+01
5.509000015258789062e+01
5.359999847412109375e+01
5.506000137329101562e+01
5.483000183105468750e+01
5.468000030517578125e+01
5.513000106811523438e+01
5.508000183105468750e+01
5.570999908447265625e+01
5.556999969482421875e+01
5.275000000000000000e+01
5.384000015258789062e+01
5.472000122070312500e+01
5.427000045776367188e+01
5.525000000000000000e+01
5.463000106811523438e+01
5.468999862670898438e+01
5.497999954223632812e+01
5.493999862670898438e+01
5.484000015258789062e+01
5.500000000000000000e+01
5.522999954223632812e+01
5.513999938964843750e+01
5.552000045776367188e+01
5.497999954223632812e+01
5.488000106811523438e+01
5.461999893188476562e+01
5.490000152587890625e+01
5.470999908447265625e+01
5.468999862670898438e+01
5.518999862670898438e+01
5.518000030517578125e+01
5.545000076293945312e+01
5.509000015258789062e+01
5.527000045776367188e+01
5.568000030517578125e+01
5.541999816894531250e+01
5.445000076293945312e+01
5.427000045776367188e+01
5.545000076293945312e+01
5.472999954223632812e+01
5.436000061035156250e+01
5.402000045776367188e+01
5.404000091552734375e+01
5.384999847412109375e+01
5.470000076293945312e+01
5.518999862670898438e+01
5.522999954223632812e+01
5.502999877929687500e+01
5.443999862670898438e+01
5.468999862670898438e+01
5.543999862670898438e+01
5.495999908447265625e+01
5.511999893188476562e+01
5.495000076293945312e+01
5.515000152587890625e+01
5.538000106811523438e+01
5.529000091552734375e+01
5.525000000000000000e+01
5.540000152587890625e+01
5.516999816894531250e+01
5.524000167846679688e+01
5.558000183105468750e+01
5.563999938964843750e+01
5.568000030517578125e+01
5.581999969482421875e+01
5.570999908447265625e+01
5.572000122070312500e+01
5.536000061035156250e+01
5.549000167846679688e+01
5.527999877929687500e+01
5.574000167846679688e+01
5.565000152587890625e+01
5.591999816894531250e+01
5.568999862670898438e+01
5.570000076293945312e+01
5.593999862670898438e+01
5.554000091552734375e+01
5.500999832153320312e+01
5.522999954223632812e+01
5.547999954223632812e+01
5.522000122070312500e+01
5.513000106811523438e+01
5.543999862670898438e+01
5.499000167846679688e+01
5.515000152587890625e+01
5.529000091552734375e+01
5.466999816894531250e+01
5.502000045776367188e+01
5.504999923706054688e+01
5.509999847412109375e+01
5.525000000000000000e+01
5.541999816894531250e+01
5.511999893188476562e+01
5.513000106811523438e+01
5.484000015258789062e+01
5.495999908447265625e+01
