1.419999980926513672e+01
1.904999923706054688e+01
2.914999961853027344e+01
3.131999969482421875e+01
3.624000167846679688e+01
3.884000015258789062e+01
3.909999847412109375e+01
3.909999847412109375e+01
3.797000122070312500e+01
4.377000045776367188e+01
4.622999954223632812e+01
4.709999847412109375e+01
4.709999847412109375e+01
4.709999847412109375e+01
4.693999862670898438e+01
4.886000061035156250e+01
4.788000106811523438e+01
4.768000030517578125e+01
4.995000076293945312e+01
4.986000061035156250e+01
4.477999877929687500e+01
4.586000061035156250e+01
4.931999969482421875e+01
4.738000106811523438e+01
5.118000030517578125e+01
5.363000106811523438e+01
4.954999923706054688e+01
5.377999877929687500e+01
5.381999969482421875e+01
5.250000000000000000e+01
4.986000061035156250e+01
5.234000015258789062e+01
5.379000091552734375e+01
5.461999893188476562e+01
5.011999893188476562e+01
5.324000167846679688e+01
5.515999984741210938e+01
5.408000183105468750e+01
5.397000122070312500e+01
5.379999923706054688e+01
5.458000183105468750e+01
5.527999877929687500e+01
5.452000045776367188e+01
5.231999969482421875e+01
5.134999847412109375e+01
5.363000106811523438e+01
5.504999923706054688e+01
5.450999832153320312e+01
5.577999877929687500e+01
5.281999969482421875e+01
5.599000167846679688e+01
5.538999938964843750e+01
5.588000106811523438e+01
5.570000076293945312e+01
5.618000030517578125e+01
5.677000045776367188e+01
5.679000091552734375e+01
5.649000167846679688e+01
5.766999816894531250e+01
5.740999984741210938e+01
5.631000137329101562e+01
5.659000015258789062e+01
5.622999954223632812e+01
5.365999984741210938e+01
5.677000045776367188e+01
5.606000137329101562e+01
5.572999954223632812e+01
5.613999938964843750e+01
5.570999908447265625e+01
5.552000045776367188e+01
5.654000091552734375e+01
5.420999908447265625e+01
5.534000015258789062e+01
5.679999923706054688e+01
5.711999893188476562e+01
5.700999832153320312e+01
5.725000000000000000e+01
5.615999984741210938e+01
5.529999923706054688e+01
5.643999862670898438e+01
5.688999938964843750e+01
5.688000106811523438e+01
5.609000015258789062e+01
5.420000076293945312e+01
5.491999816894531250e+01
5.584000015258789062e+01
5.386999893188476562e+01
5.543000030517578125e+01
5.563999938964843750e+01
5.622999954223632812e+01
5.654999923706054688e+01
5.579999923706054688e+01
5.579000091552734375e+01
5.650000000000000000e+01
5.602000045776367188e+01
5.672000122070312500e+01
5.670000076293945312e+01
5.627999877929687500e+01
5.693999862670898438e+01
5.620999908447265625e+01
5.450000000000000000e+01
5.631000137329101562e+01
5.531000137329101562e+01
5.574000167846679688e+01
5.572000122070312500e+01
5.616999816894531250e+01
5.643999862670898438e+01
5.613000106811523438e+01
5.543999862670898438e+01
5.615000152587890625e+01
5.672999954223632812e+01
5.622000122070312500e+01
5.641999816894531250e+01
5.704000091552734375e+01
5.727000045776367188e+01
5.672000122070312500e+01
5.699000167846679688e+01
5.627999877929687500e+01
5.334999847412109375e+01
5.645999908447265625e+01
5.615999984741210938e+01
5.434000015258789062e+01
5.665999984741210938e+01
5.581999969482421875e+01
5.647000122070312500e+01
5.597999954223632812e+01
5.634000015258789062e+01
5.661999893188476562e+01
5.631999969482421875e+01
5.547999954223632812e+01
5.611999893188476562e+01
5.536000061035156250e+01
5.536000061035156250e+01
5.450000000000000000e+01
5.538999938964843750e+01
5.522000122070312500e+01
5.538000106811523438e+01
5.470000076293945312e+01
5.520000076293945312e+01
5.520000076293945312e+01
5.527000045776367188e+01
5.431999969482421875e+01
5.602000045776367188e+01
5.461999893188476562e+01
5.499000167846679688e+01
5.645000076293945312e+01
5.650000000000000000e+01
5.604999923706054688e+01
5.713999938964843750e+01
5.613000106811523438e+01
5.547999954223632812e+01
5.563999938964843750e+01
5.640000152587890625e+01
5.693000030517578125e+01
5.679000091552734375e+01
5.654999923706054688e+01
5.602000045776367188e+01
5.615999984741210938e+01
5.413999938964843750e+01
5.415000152587890625e+01
5.470000076293945312e+01
5.611000061035156250e+01
5.466999816894531250e+01
5.425000000000000000e+01
5.577000045776367188e+01
5.597999954223632812e+01
5.602999877929687500e+01
5.565999984741210938e+01
5.493000030517578125e+01
5.534000015258789062e+01
5.550000000000000000e+01
5.618000030517578125e+01
5.572999954223632812e+01
5.552000045776367188e+01
5.581999969482421875e+01
5.622000122070312500e+01
5.431000137329101562e+01
5.286999893188476562e+01
5.561999893188476562e+01
5.577000045776367188e+01
5.570000076293945312e+01
5.559999847412109375e+01
5.591999816894531250e+01
5.424000167846679688e+01
5.450999832153320312e+01
5.591999816894531250e+01
5.527999877929687500e+01
5.552000045776367188e+01
5.579000091552734375e+01
5.602999877929687500e+01
5.509999847412109375e+01
5.593000030517578125e+01
5.606000137329101562e+01
5.629000091552734375e+01
5.661999893188476562e+01
5.602000045776367188e+01
5.631999969482421875e+01
5.559999847412109375e+01
5.379999923706054688e+01
5.563000106811523438e+01
