2.300025555372238184e+00
2.248931825637817461e+00
2.084758265018463508e+00
1.918112577199936108e+00
1.786291977405548348e+00
1.738909908692042094e+00
1.644246075868606383e+00
1.644246075868606383e+00
1.541998910188674854e+00
1.442166518926620622e+00
1.427885961353778654e+00
1.345852750062942249e+00
1.345852750062942249e+00
1.345852750062942249e+00
1.235404821236928186e+00
1.148972726345062201e+00
1.129926120281219415e+00
1.014702274799347048e+00
1.152258386731147555e+00
8.685819157063960905e-01
1.076856195211410627e+00
1.056914268374443022e+00
9.037659768015146033e-01
7.306082981824875144e-01
7.044981458584468337e-01
7.270584399302800760e-01
8.304622061550617218e-01
6.077554049966856775e-01
6.029023093860597093e-01
5.156285859905183067e-01
6.611040879040956941e-01
6.882827870436013518e-01
6.775199398119002847e-01
4.548270823930700146e-01
5.013062306791543632e-01
6.656460751574486689e-01
4.605272814594209008e-01
3.470301052052527924e-01
3.764486960386858039e-01
3.625203759870491704e-01
5.075856388472019809e-01
4.168029809912356387e-01
3.556972547564655751e-01
3.160810789000242926e-01
7.288594327270984108e-01
4.843674623407423496e-01
3.016618581004440469e-01
4.004576365575194252e-01
3.615480246099177508e-01
2.054132297141477159e-01
3.541994552295655296e-01
3.089885620696781188e-01
2.062149973168270756e-01
3.980831775274127904e-01
3.059333260521913123e-01
2.746755949223413928e-01
2.785671372035285476e-01
4.079627970770234313e-01
2.503456852004863342e-01
1.502835016486933628e-01
1.323867490331952779e-01
3.351679251267574711e-01
1.756437426987880190e-01
3.150211873073130997e-01
2.524555607203705088e-01
2.838990605631843134e-01
8.830964251421392908e-02
2.924215151149158753e-01
2.847272612219676757e-01
2.420048051129560784e-01
2.097076041161781146e-01
2.428977047232910580e-01
2.771487310361117062e-01
2.442265429071150129e-01
1.770697239617584073e-01
1.366963149594608296e-01
2.114293260477716208e-01
3.077793839133810549e-01
9.741205200552940924e-02
2.389676704420708175e-01
1.679661709150532256e-01
1.899807850022916245e-01
4.871337549446616566e-02
1.510039100868161843e-01
1.840120766923064310e-01
1.765687271928181867e-01
2.391471629538573507e-01
2.521849809376678353e-01
1.032224270246224485e-01
1.436353471135662085e-01
1.766706640503058756e-01
1.372645664424635703e-01
2.773570592496544251e-01
1.190756762411134956e-01
1.171751110699648518e-01
2.080252630954783077e-01
1.353432001296896448e-01
1.776317961460445183e-01
1.143717058204735543e-01
1.421496389606036193e-01
1.187684202126692845e-01
1.477326135681165942e-01
1.069441565067972971e-01
1.523968797638080852e-01
1.118096308010863155e-01
9.106099742453080403e-02
1.585072475264702740e-01
4.463221808604430491e-02
4.661679577443283290e-02
2.762627567197661893e-01
1.933816730927501448e-01
1.019121431272942691e-01
1.370721438461914854e-01
1.083517754834756597e-01
1.156070752876403318e-01
9.031964617205084922e-02
6.999249816988595274e-02
1.903571689069891715e-01
1.706658166195265947e-01
1.397318749827100026e-01
1.125771891659436141e-01
1.227336309263482583e-01
1.107839592399153111e-01
1.514930066454107938e-01
1.663874109624885189e-01
8.015726441878359698e-02
5.157596457237377530e-02
1.441657374756566135e-01
1.615755085372753974e-01
1.231679941125912725e-01
7.839394749910569282e-02
1.141810121693124513e-01
1.141810121693124513e-01
1.252862912404816530e-02
1.882342291256645650e-01
2.977877797442488733e-02
1.398512092074088442e-01
2.970104979798198208e-01
1.114130117736640418e-01
1.114130117736640418e-01
9.659372545557562417e-02
6.492187879374250459e-02
1.494508174573183912e-01
2.143511074245907366e-02
3.110531137177022232e-01
8.638542907724622300e-02
1.571315226560691392e-01
1.433124180885497756e-01
1.244446422495238957e-01
9.457716595210756416e-02
1.896856871617104423e-01
6.703874194214586024e-02
6.404135881620459658e-02
5.421183494994571972e-02
9.861993198238779013e-02
6.441044857946690017e-02
2.896587122412165247e-02
1.058879473203210991e-01
6.000238223705674223e-02
8.285787246923428939e-02
1.196953740802710053e-01
1.487026844981592377e-01
1.584132270857225855e-01
5.190973560360725297e-02
1.523448124024241179e-01
6.209173758004910004e-02
7.666698110869037130e-02
7.111845171195455007e-02
3.803064532254938485e-02
1.390354874770855474e-02
8.179258652199859758e-02
7.399629428683936194e-02
7.464659741439393092e-02
1.550243049056395095e-01
3.808211157875485142e-02
9.410299001357634585e-02
6.601442051446064496e-02
1.238216534216189657e-01
1.490736897904658687e-01
7.505729432549561320e-02
5.667967336537550055e-02
5.205862751387757559e-02
1.835986726185849863e-02
1.715528587598819377e-01
1.319106189234880711e-01
1.072144251702265988e-01
4.160791815991978643e-02
6.860660412395373775e-02
4.178683600475777832e-02
3.059991470910608871e-02
1.161098840520717046e-01
5.116822077074902053e-02
8.563410308390544123e-02
4.527976964022673023e-02
7.628658507770161301e-02
7.966166906962462990e-02
3.416564210085926145e-02
4.177721375437492418e-02
1.328731805671122812e-01
7.416688200509330420e-02
