2.291403825759887436e+00
2.216832879257201849e+00
1.990546088218688947e+00
1.840307764768600363e+00
1.736391250562667521e+00
1.621914942741393917e+00
1.534294398486614419e+00
1.404251134395599454e+00
1.386803316026925970e+00
1.249983146588007576e+00
1.180663112938403980e+00
1.062042203466097678e+00
9.143184345662593859e-01
1.043950922896464739e+00
8.599213814139365919e-01
7.261762657314537739e-01
6.127087363352378135e-01
6.553220349848271065e-01
5.418348917613426963e-01
6.106809122276802837e-01
5.156477150307036128e-01
4.579755203134069919e-01
3.305909244404174885e-01
4.990276048422481181e-01
3.297995154601521817e-01
4.040288616878291439e-01
2.997280093735317230e-01
2.982274261299520113e-01
3.920811176806688336e-01
2.439216387023218080e-01
3.435651947828010089e-01
3.783863745244064880e-01
2.704734956526663181e-01
2.286048231680567200e-01
4.005307554863392627e-01
4.196968309474177761e-01
2.813076332545839664e-01
2.616593266529962936e-01
1.353307003312511358e-01
2.678132097470108386e-01
1.701513115793932274e-01
2.903023769557476208e-01
2.052224703982938048e-01
2.053404979170299904e-01
1.830798366706003488e-01
1.909088476886390828e-01
1.534053524364135113e-01
1.590782075297819120e-01
2.008206129539757967e-01
1.886769611739436969e-01
3.094897861243225412e-01
1.587992043949197907e-01
1.516311914736288291e-01
1.823961391185410508e-01
8.928406946889921869e-02
9.789024394564331544e-02
2.509147068239981349e-01
1.122251691131387064e-01
1.241453807920527841e-01
1.991205340530335377e-01
9.188254902218466469e-02
1.641946454248099929e-01
1.045128256856696636e-01
1.065894503027084300e-01
9.850601824489421676e-02
1.809774596852366801e-01
1.114382249232381550e-01
1.219857095849583850e-01
9.623879971923306187e-02
1.012715454716235364e-01
1.050390533252308911e-01
8.787648182283736009e-02
9.404965461993122777e-02
1.079334688370581635e-01
1.874246861987048929e-01
1.004553392844391019e-01
8.401613831374561692e-02
1.136069113912526463e-01
1.840075907204882233e-01
6.095375523006077434e-02
1.108622452759882304e-01
9.278213140946656168e-02
1.189648139964323559e-01
1.056578427345841176e-01
6.465045831352471406e-02
1.165187189891235819e-01
5.794995154657590214e-02
5.773499937282031841e-02
5.834177870261482435e-02
5.318970920033946892e-02
1.642810187496555538e-02
6.717886502369074808e-02
4.318209305347409099e-02
2.121989396706921993e-02
9.820554318503006697e-02
2.106071707454975836e-02
7.010438161169876836e-02
4.279682594385424838e-02
4.494334387309099205e-02
9.137415749587914082e-02
3.578697464395372979e-02
1.062264743003324824e-01
2.784704539647541929e-02
1.740592542811646160e-02
1.025768098921689547e-01
1.076196959628432370e-01
8.330212843590416305e-02
3.876740689021244274e-02
6.069955208423197940e-02
4.494694937389742684e-02
4.856793538894938617e-02
2.876350362740868333e-02
5.377511074519134536e-03
4.722979584230051903e-02
1.661933026513608691e-01
5.096459321686415411e-02
4.879395651737770262e-02
2.305799291677734439e-02
7.308550670181283848e-02
5.302215184510714746e-02
6.142803640830971079e-02
4.105558367158421845e-02
1.829168327704246838e-02
1.901762860213420878e-02
8.649799582790971414e-03
3.269897147323353511e-03
2.593741404649336016e-02
1.175905408745020302e-02
5.292472490391325612e-02
7.218841222707851613e-02
7.975484208631969385e-02
3.005700920865055775e-02
1.612890601925755577e-02
3.544008295077340914e-02
3.701844627104002028e-02
1.264271891915122979e-02
7.584562686602780435e-02
3.069265368259312121e-02
9.049323807455947333e-03
3.453423445539893777e-02
5.224525877538508528e-02
1.028187433426307057e-01
4.729568774702874734e-02
5.784318590442854430e-02
2.313272499428421780e-02
4.765577178914099689e-03
4.108789150291704273e-02
3.271997108597861359e-02
4.997102395581290435e-02
2.326722864186194992e-02
2.885210736731581502e-02
8.605150164286845538e-02
1.231032371755767102e-02
1.161969940866584144e-02
1.730583860667745180e-02
1.084737274634098823e-02
1.479759257881960166e-02
7.003812380766249145e-03
3.179175490308262103e-02
5.367239548145517208e-02
2.658869310224545868e-02
4.245551787196140056e-03
2.754660670912319979e-03
2.790681059325531618e-03
2.593689998671288785e-02
3.015983575250305148e-03
1.833462832802524537e-03
2.318002644066534043e-03
1.073034300565723189e-03
4.709610478839143174e-03
1.351064896894968144e-03
3.226162694853846463e-02
2.766462605705328256e-03
1.726821597589454178e-03
1.866921672297394089e-03
1.860389287308862518e-03
2.444048342543890268e-03
1.081521452484594283e-03
1.442901691618771924e-03
2.300571350939117129e-03
1.012888875546195640e-03
2.540260903738862305e-02
1.608699642795424420e-03
1.711832623495865768e-03
4.872454484768169725e-02
1.341152030138740257e-02
2.013682930946379158e-03
3.256627149912674074e-03
1.446362938173479089e-03
2.264499549909032919e-03
1.527187272160881494e-02
1.866566087074716202e-03
1.309721368951613854e-03
1.135353357636995509e-03
9.424609621132731645e-04
8.886802722790889059e-04
2.359600719059623802e-03
2.012735654916753079e-03
1.215854955021617063e-03
7.065794811511296120e-04
